week_nb,gender,age,year,covid19_deaths,week,value_20,value_pre,excess_deaths
week-1,female,00-04,2020,0,Week 1,21,28,-7
week-1,female,00-04,2021,0,Week 1,26,28,-2
week-1,female,05-09,2020,0,Week 1,2,3,-1
week-1,female,05-09,2021,2,Week 1,3,3,0
week-1,female,10-14,2020,0,Week 1,3,2,1
week-1,female,10-14,2021,0,Week 1,2,2,0
week-1,female,15-19,2020,0,Week 1,1,5,-4
week-1,female,15-19,2021,1,Week 1,4,5,-1
week-1,female,20-24,2020,0,Week 1,4,8,-4
week-1,female,20-24,2021,0,Week 1,6,8,-2
week-1,female,25-29,2020,0,Week 1,10,11,-1
week-1,female,25-29,2021,2,Week 1,11,11,0
week-1,female,30-34,2020,0,Week 1,11,20,-9
week-1,female,30-34,2021,5,Week 1,25,20,5
week-1,female,35-39,2020,0,Week 1,22,27,-5
week-1,female,35-39,2021,5,Week 1,23,27,-4
week-1,female,40-44,2020,0,Week 1,26,44,-18
week-1,female,40-44,2021,9,Week 1,47,44,3
week-1,female,45-49,2020,0,Week 1,53,71,-18
week-1,female,45-49,2021,21,Week 1,89,71,18
week-1,female,50-54,2020,0,Week 1,102,123,-21
week-1,female,50-54,2021,46,Week 1,155,123,32
week-1,female,55-59,2020,0,Week 1,170,166,4
week-1,female,55-59,2021,71,Week 1,208,166,42
week-1,female,60-64,2020,0,Week 1,211,235,-24
week-1,female,60-64,2021,98,Week 1,325,235,90
week-1,female,65-69,2020,0,Week 1,281,358,-77
week-1,female,65-69,2021,145,Week 1,435,358,77
week-1,female,70-74,2020,0,Week 1,467,505,-38
week-1,female,70-74,2021,255,Week 1,797,505,292
week-1,female,75-79,2020,0,Week 1,709,679,30
week-1,female,75-79,2021,353,Week 1,1010,679,331
week-1,female,80-84,2020,0,Week 1,996,1029,-33
week-1,female,80-84,2021,487,Week 1,1382,1029,353
week-1,female,85-89,2020,0,Week 1,1359,1341,18
week-1,female,85-89,2021,559,Week 1,1725,1341,384
week-1,female,90+,2020,0,Week 1,1916,1986,-70
week-1,female,90+,2021,777,Week 1,2556,1986,570
week-1,female,all-ages,2020,0,Week 1,0,0,0
week-1,female,all-ages,2021,0,Week 1,0,0,0
week-1,male,00-04,2020,0,Week 1,35,34,1
week-1,male,00-04,2021,0,Week 1,32,34,-2
week-1,male,05-09,2020,0,Week 1,2,3,-1
week-1,male,05-09,2021,0,Week 1,1,3,-2
week-1,male,10-14,2020,0,Week 1,1,3,-2
week-1,male,10-14,2021,0,Week 1,0,3,-3
week-1,male,15-19,2020,0,Week 1,5,13,-8
week-1,male,15-19,2021,2,Week 1,11,13,-2
week-1,male,20-24,2020,0,Week 1,7,15,-8
week-1,male,20-24,2021,1,Week 1,17,15,2
week-1,male,25-29,2020,0,Week 1,7,25,-18
week-1,male,25-29,2021,4,Week 1,18,25,-7
week-1,male,30-34,2020,0,Week 1,21,32,-11
week-1,male,30-34,2021,8,Week 1,32,32,0
week-1,male,35-39,2020,0,Week 1,32,45,-13
week-1,male,35-39,2021,9,Week 1,49,45,4
week-1,male,40-44,2020,0,Week 1,43,70,-27
week-1,male,40-44,2021,13,Week 1,60,70,-10
week-1,male,45-49,2020,0,Week 1,62,129,-67
week-1,male,45-49,2021,36,Week 1,142,129,13
week-1,male,50-54,2020,0,Week 1,137,174,-37
week-1,male,50-54,2021,66,Week 1,237,174,63
week-1,male,55-59,2020,0,Week 1,191,231,-40
week-1,male,55-59,2021,100,Week 1,339,231,108
week-1,male,60-64,2020,0,Week 1,275,331,-56
week-1,male,60-64,2021,169,Week 1,483,331,152
week-1,male,65-69,2020,0,Week 1,415,485,-70
week-1,male,65-69,2021,209,Week 1,662,485,177
week-1,male,70-74,2020,0,Week 1,697,679,18
week-1,male,70-74,2021,328,Week 1,951,679,272
week-1,male,75-79,2020,0,Week 1,826,826,0
week-1,male,75-79,2021,464,Week 1,1274,826,448
week-1,male,80-84,2020,0,Week 1,1053,1030,23
week-1,male,80-84,2021,636,Week 1,1603,1030,573
week-1,male,85-89,2020,0,Week 1,1098,1068,30
week-1,male,85-89,2021,640,Week 1,1571,1068,503
week-1,male,90+,2020,0,Week 1,982,908,74
week-1,male,90+,2021,536,Week 1,1440,908,532
week-1,male,all-ages,2020,0,Week 1,0,0,0
week-1,male,all-ages,2021,0,Week 1,0,0,0
week-10,female,00-04,2020,0,Week 10,29,25,4
week-10,female,00-04,2021,0,Week 10,27,25,2
week-10,female,05-09,2020,0,Week 10,1,3,-2
week-10,female,05-09,2021,0,Week 10,3,3,0
week-10,female,10-14,2020,0,Week 10,5,1,4
week-10,female,10-14,2021,1,Week 10,3,1,2
week-10,female,15-19,2020,0,Week 10,8,8,0
week-10,female,15-19,2021,0,Week 10,4,8,-4
week-10,female,20-24,2020,0,Week 10,7,6,1
week-10,female,20-24,2021,1,Week 10,14,6,8
week-10,female,25-29,2020,0,Week 10,12,11,1
week-10,female,25-29,2021,1,Week 10,15,11,4
week-10,female,30-34,2020,0,Week 10,20,17,3
week-10,female,30-34,2021,1,Week 10,12,17,-5
week-10,female,35-39,2020,0,Week 10,27,22,5
week-10,female,35-39,2021,3,Week 10,22,22,0
week-10,female,40-44,2020,0,Week 10,35,41,-6
week-10,female,40-44,2021,8,Week 10,48,41,7
week-10,female,45-49,2020,0,Week 10,62,68,-6
week-10,female,45-49,2021,7,Week 10,75,68,7
week-10,female,50-54,2020,0,Week 10,105,100,5
week-10,female,50-54,2021,24,Week 10,129,100,29
week-10,female,55-59,2020,0,Week 10,138,151,-13
week-10,female,55-59,2021,21,Week 10,166,151,15
week-10,female,60-64,2020,0,Week 10,203,197,6
week-10,female,60-64,2021,30,Week 10,215,197,18
week-10,female,65-69,2020,0,Week 10,291,300,-9
week-10,female,65-69,2021,44,Week 10,278,300,-22
week-10,female,70-74,2020,0,Week 10,444,446,-2
week-10,female,70-74,2021,59,Week 10,473,446,27
week-10,female,75-79,2020,0,Week 10,600,607,-7
week-10,female,75-79,2021,67,Week 10,616,607,9
week-10,female,80-84,2020,0,Week 10,860,882,-22
week-10,female,80-84,2021,108,Week 10,832,882,-50
week-10,female,85-89,2020,0,Week 10,1037,1162,-125
week-10,female,85-89,2021,142,Week 10,1043,1162,-119
week-10,female,90+,2020,0,Week 10,1550,1711,-161
week-10,female,90+,2021,164,Week 10,1436,1711,-275
week-10,female,all-ages,2020,0,Week 10,0,0,0
week-10,female,all-ages,2021,0,Week 10,0,0,0
week-10,male,00-04,2020,0,Week 10,38,35,3
week-10,male,00-04,2021,0,Week 10,42,35,7
week-10,male,05-09,2020,0,Week 10,1,2,-1
week-10,male,05-09,2021,0,Week 10,3,2,1
week-10,male,10-14,2020,0,Week 10,2,3,-1
week-10,male,10-14,2021,0,Week 10,3,3,0
week-10,male,15-19,2020,0,Week 10,13,10,3
week-10,male,15-19,2021,0,Week 10,8,10,-2
week-10,male,20-24,2020,0,Week 10,16,18,-2
week-10,male,20-24,2021,0,Week 10,9,18,-9
week-10,male,25-29,2020,0,Week 10,27,16,11
week-10,male,25-29,2021,0,Week 10,24,16,8
week-10,male,30-34,2020,0,Week 10,33,33,0
week-10,male,30-34,2021,2,Week 10,39,33,6
week-10,male,35-39,2020,0,Week 10,45,42,3
week-10,male,35-39,2021,5,Week 10,64,42,22
week-10,male,40-44,2020,0,Week 10,69,61,8
week-10,male,40-44,2021,6,Week 10,75,61,14
week-10,male,45-49,2020,0,Week 10,93,99,-6
week-10,male,45-49,2021,10,Week 10,108,99,9
week-10,male,50-54,2020,0,Week 10,153,147,6
week-10,male,50-54,2021,36,Week 10,205,147,58
week-10,male,55-59,2020,0,Week 10,220,216,4
week-10,male,55-59,2021,54,Week 10,278,216,62
week-10,male,60-64,2020,0,Week 10,278,306,-28
week-10,male,60-64,2021,61,Week 10,350,306,44
week-10,male,65-69,2020,0,Week 10,388,444,-56
week-10,male,65-69,2021,88,Week 10,423,444,-21
week-10,male,70-74,2020,0,Week 10,646,605,41
week-10,male,70-74,2021,89,Week 10,655,605,50
week-10,male,75-79,2020,0,Week 10,725,730,-5
week-10,male,75-79,2021,120,Week 10,803,730,73
week-10,male,80-84,2020,0,Week 10,938,949,-11
week-10,male,80-84,2021,124,Week 10,848,949,-101
week-10,male,85-89,2020,0,Week 10,932,935,-3
week-10,male,85-89,2021,123,Week 10,851,935,-84
week-10,male,90+,2020,0,Week 10,841,833,8
week-10,male,90+,2021,102,Week 10,788,833,-45
week-10,male,all-ages,2020,0,Week 10,0,0,0
week-10,male,all-ages,2021,0,Week 10,0,0,0
week-11,female,00-04,2020,0,Week 11,37,23,14
week-11,female,00-04,2021,0,Week 11,33,23,10
week-11,female,05-09,2020,0,Week 11,2,1,1
week-11,female,05-09,2021,0,Week 11,1,1,0
week-11,female,10-14,2020,0,Week 11,4,3,1
week-11,female,10-14,2021,0,Week 11,5,3,2
week-11,female,15-19,2020,0,Week 11,5,4,1
week-11,female,15-19,2021,0,Week 11,4,4,0
week-11,female,20-24,2020,0,Week 11,13,7,6
week-11,female,20-24,2021,0,Week 11,9,7,2
week-11,female,25-29,2020,0,Week 11,9,12,-3
week-11,female,25-29,2021,0,Week 11,11,12,-1
week-11,female,30-34,2020,0,Week 11,14,16,-2
week-11,female,30-34,2021,0,Week 11,23,16,7
week-11,female,35-39,2020,0,Week 11,32,26,6
week-11,female,35-39,2021,1,Week 11,21,26,-5
week-11,female,40-44,2020,0,Week 11,40,35,5
week-11,female,40-44,2021,3,Week 11,42,35,7
week-11,female,45-49,2020,0,Week 11,70,68,2
week-11,female,45-49,2021,8,Week 11,58,68,-10
week-11,female,50-54,2020,0,Week 11,92,103,-11
week-11,female,50-54,2021,10,Week 11,93,103,-10
week-11,female,55-59,2020,0,Week 11,155,138,17
week-11,female,55-59,2021,17,Week 11,183,138,45
week-11,female,60-64,2020,0,Week 11,204,197,7
week-11,female,60-64,2021,29,Week 11,220,197,23
week-11,female,65-69,2020,0,Week 11,261,300,-39
week-11,female,65-69,2021,27,Week 11,284,300,-16
week-11,female,70-74,2020,1,Week 11,443,441,2
week-11,female,70-74,2021,43,Week 11,452,441,11
week-11,female,75-79,2020,2,Week 11,618,602,16
week-11,female,75-79,2021,46,Week 11,567,602,-35
week-11,female,80-84,2020,0,Week 11,834,878,-44
week-11,female,80-84,2021,58,Week 11,792,878,-86
week-11,female,85-89,2020,0,Week 11,1016,1136,-120
week-11,female,85-89,2021,80,Week 11,911,1136,-225
week-11,female,90+,2020,0,Week 11,1598,1651,-53
week-11,female,90+,2021,109,Week 11,1343,1651,-308
week-11,female,all-ages,2020,0,Week 11,0,0,0
week-11,female,all-ages,2021,0,Week 11,0,0,0
week-11,male,00-04,2020,0,Week 11,29,34,-5
week-11,male,00-04,2021,0,Week 11,24,34,-10
week-11,male,05-09,2020,0,Week 11,1,2,-1
week-11,male,05-09,2021,0,Week 11,1,2,-1
week-11,male,10-14,2020,0,Week 11,2,4,-2
week-11,male,10-14,2021,1,Week 11,2,4,-2
week-11,male,15-19,2020,0,Week 11,13,10,3
week-11,male,15-19,2021,0,Week 11,11,10,1
week-11,male,20-24,2020,0,Week 11,26,19,7
week-11,male,20-24,2021,0,Week 11,14,19,-5
week-11,male,25-29,2020,0,Week 11,20,21,-1
week-11,male,25-29,2021,0,Week 11,21,21,0
week-11,male,30-34,2020,0,Week 11,41,27,14
week-11,male,30-34,2021,1,Week 11,25,27,-2
week-11,male,35-39,2020,0,Week 11,48,42,6
week-11,male,35-39,2021,4,Week 11,61,42,19
week-11,male,40-44,2020,0,Week 11,50,60,-10
week-11,male,40-44,2021,4,Week 11,63,60,3
week-11,male,45-49,2020,0,Week 11,109,107,2
week-11,male,45-49,2021,11,Week 11,119,107,12
week-11,male,50-54,2020,0,Week 11,168,146,22
week-11,male,50-54,2021,13,Week 11,194,146,48
week-11,male,55-59,2020,0,Week 11,246,217,29
week-11,male,55-59,2021,36,Week 11,246,217,29
week-11,male,60-64,2020,1,Week 11,296,286,10
week-11,male,60-64,2021,51,Week 11,341,286,55
week-11,male,65-69,2020,0,Week 11,424,435,-11
week-11,male,65-69,2021,50,Week 11,401,435,-34
week-11,male,70-74,2020,0,Week 11,625,581,44
week-11,male,70-74,2021,59,Week 11,651,581,70
week-11,male,75-79,2020,0,Week 11,748,734,14
week-11,male,75-79,2021,70,Week 11,683,734,-51
week-11,male,80-84,2020,1,Week 11,904,884,20
week-11,male,80-84,2021,88,Week 11,845,884,-39
week-11,male,85-89,2020,0,Week 11,935,884,51
week-11,male,85-89,2021,78,Week 11,834,884,-50
week-11,male,90+,2020,0,Week 11,885,776,109
week-11,male,90+,2021,66,Week 11,723,776,-53
week-11,male,all-ages,2020,0,Week 11,0,0,0
week-11,male,all-ages,2021,0,Week 11,0,0,0
week-12,female,00-04,2020,0,Week 12,19,26,-7
week-12,female,00-04,2021,0,Week 12,26,26,0
week-12,female,05-09,2020,0,Week 12,3,2,1
week-12,female,05-09,2021,0,Week 12,2,2,0
week-12,female,10-14,2020,0,Week 12,1,2,-1
week-12,female,10-14,2021,0,Week 12,7,2,5
week-12,female,15-19,2020,0,Week 12,4,6,-2
week-12,female,15-19,2021,0,Week 12,7,6,1
week-12,female,20-24,2020,0,Week 12,5,11,-6
week-12,female,20-24,2021,1,Week 12,8,11,-3
week-12,female,25-29,2020,0,Week 12,9,11,-2
week-12,female,25-29,2021,0,Week 12,12,11,1
week-12,female,30-34,2020,0,Week 12,16,14,2
week-12,female,30-34,2021,1,Week 12,21,14,7
week-12,female,35-39,2020,0,Week 12,19,24,-5
week-12,female,35-39,2021,1,Week 12,32,24,8
week-12,female,40-44,2020,1,Week 12,37,34,3
week-12,female,40-44,2021,1,Week 12,39,34,5
week-12,female,45-49,2020,0,Week 12,61,67,-6
week-12,female,45-49,2021,7,Week 12,68,67,1
week-12,female,50-54,2020,0,Week 12,87,98,-11
week-12,female,50-54,2021,12,Week 12,112,98,14
week-12,female,55-59,2020,1,Week 12,161,133,28
week-12,female,55-59,2021,9,Week 12,146,133,13
week-12,female,60-64,2020,2,Week 12,188,196,-8
week-12,female,60-64,2021,23,Week 12,196,196,0
week-12,female,65-69,2020,4,Week 12,282,287,-5
week-12,female,65-69,2021,19,Week 12,281,287,-6
week-12,female,70-74,2020,3,Week 12,465,436,29
week-12,female,70-74,2021,23,Week 12,399,436,-37
week-12,female,75-79,2020,5,Week 12,610,580,30
week-12,female,75-79,2021,33,Week 12,565,580,-15
week-12,female,80-84,2020,7,Week 12,802,834,-32
week-12,female,80-84,2021,49,Week 12,709,834,-125
week-12,female,85-89,2020,8,Week 12,997,1079,-82
week-12,female,85-89,2021,56,Week 12,951,1079,-128
week-12,female,90+,2020,10,Week 12,1482,1571,-89
week-12,female,90+,2021,89,Week 12,1353,1571,-218
week-12,female,all-ages,2020,0,Week 12,0,0,0
week-12,female,all-ages,2021,0,Week 12,0,0,0
week-12,male,00-04,2020,0,Week 12,27,37,-10
week-12,male,00-04,2021,0,Week 12,34,37,-3
week-12,male,05-09,2020,0,Week 12,3,2,1
week-12,male,05-09,2021,0,Week 12,1,2,-1
week-12,male,10-14,2020,0,Week 12,3,4,-1
week-12,male,10-14,2021,0,Week 12,3,4,-1
week-12,male,15-19,2020,0,Week 12,11,7,4
week-12,male,15-19,2021,0,Week 12,11,7,4
week-12,male,20-24,2020,0,Week 12,17,16,1
week-12,male,20-24,2021,1,Week 12,22,16,6
week-12,male,25-29,2020,0,Week 12,22,23,-1
week-12,male,25-29,2021,0,Week 12,19,23,-4
week-12,male,30-34,2020,0,Week 12,25,26,-1
week-12,male,30-34,2021,3,Week 12,36,26,10
week-12,male,35-39,2020,0,Week 12,47,41,6
week-12,male,35-39,2021,2,Week 12,42,41,1
week-12,male,40-44,2020,0,Week 12,63,67,-4
week-12,male,40-44,2021,2,Week 12,71,67,4
week-12,male,45-49,2020,0,Week 12,99,107,-8
week-12,male,45-49,2021,7,Week 12,122,107,15
week-12,male,50-54,2020,2,Week 12,158,151,7
week-12,male,50-54,2021,27,Week 12,169,151,18
week-12,male,55-59,2020,1,Week 12,229,205,24
week-12,male,55-59,2021,24,Week 12,231,205,26
week-12,male,60-64,2020,0,Week 12,281,284,-3
week-12,male,60-64,2021,42,Week 12,301,284,17
week-12,male,65-69,2020,7,Week 12,404,417,-13
week-12,male,65-69,2021,37,Week 12,402,417,-15
week-12,male,70-74,2020,6,Week 12,629,568,61
week-12,male,70-74,2021,38,Week 12,604,568,36
week-12,male,75-79,2020,6,Week 12,763,713,50
week-12,male,75-79,2021,44,Week 12,705,713,-8
week-12,male,80-84,2020,13,Week 12,892,904,-12
week-12,male,80-84,2021,51,Week 12,793,904,-111
week-12,male,85-89,2020,16,Week 12,905,864,41
week-12,male,85-89,2021,64,Week 12,823,864,-41
week-12,male,90+,2020,11,Week 12,820,762,58
week-12,male,90+,2021,53,Week 12,722,762,-40
week-12,male,all-ages,2020,0,Week 12,0,0,0
week-12,male,all-ages,2021,0,Week 12,0,0,0
week-13,female,00-04,2020,0,Week 13,27,24,3
week-13,female,00-04,2021,0,Week 13,19,24,-5
week-13,female,05-09,2020,0,Week 13,0,3,-3
week-13,female,05-09,2021,0,Week 13,1,3,-2
week-13,female,10-14,2020,0,Week 13,3,2,1
week-13,female,10-14,2021,0,Week 13,0,2,-2
week-13,female,15-19,2020,0,Week 13,4,4,0
week-13,female,15-19,2021,0,Week 13,4,4,0
week-13,female,20-24,2020,0,Week 13,6,10,-4
week-13,female,20-24,2021,2,Week 13,10,10,0
week-13,female,25-29,2020,1,Week 13,11,10,1
week-13,female,25-29,2021,0,Week 13,7,10,-3
week-13,female,30-34,2020,0,Week 13,15,17,-2
week-13,female,30-34,2021,3,Week 13,16,17,-1
week-13,female,35-39,2020,1,Week 13,31,27,4
week-13,female,35-39,2021,1,Week 13,26,27,-1
week-13,female,40-44,2020,0,Week 13,30,32,-2
week-13,female,40-44,2021,1,Week 13,33,32,1
week-13,female,45-49,2020,4,Week 13,66,62,4
week-13,female,45-49,2021,3,Week 13,57,62,-5
week-13,female,50-54,2020,4,Week 13,89,101,-12
week-13,female,50-54,2021,5,Week 13,79,101,-22
week-13,female,55-59,2020,4,Week 13,146,139,7
week-13,female,55-59,2021,14,Week 13,138,139,-1
week-13,female,60-64,2020,11,Week 13,236,197,39
week-13,female,60-64,2021,10,Week 13,172,197,-25
week-13,female,65-69,2020,12,Week 13,276,301,-25
week-13,female,65-69,2021,10,Week 13,235,301,-66
week-13,female,70-74,2020,19,Week 13,440,434,6
week-13,female,70-74,2021,7,Week 13,355,434,-79
week-13,female,75-79,2020,21,Week 13,609,568,41
week-13,female,75-79,2021,24,Week 13,456,568,-112
week-13,female,80-84,2020,42,Week 13,845,815,30
week-13,female,80-84,2021,20,Week 13,623,815,-192
week-13,female,85-89,2020,43,Week 13,1032,1075,-43
week-13,female,85-89,2021,32,Week 13,746,1075,-329
week-13,female,90+,2020,44,Week 13,1545,1522,23
week-13,female,90+,2021,52,Week 13,1094,1522,-428
week-13,female,all-ages,2020,0,Week 13,0,0,0
week-13,female,all-ages,2021,0,Week 13,0,0,0
week-13,male,00-04,2020,0,Week 13,30,29,1
week-13,male,00-04,2021,0,Week 13,23,29,-6
week-13,male,05-09,2020,0,Week 13,1,2,-1
week-13,male,05-09,2021,0,Week 13,3,2,1
week-13,male,10-14,2020,0,Week 13,1,4,-3
week-13,male,10-14,2021,0,Week 13,4,4,0
week-13,male,15-19,2020,0,Week 13,8,10,-2
week-13,male,15-19,2021,1,Week 13,10,10,0
week-13,male,20-24,2020,0,Week 13,11,21,-10
week-13,male,20-24,2021,0,Week 13,12,21,-9
week-13,male,25-29,2020,0,Week 13,22,23,-1
week-13,male,25-29,2021,0,Week 13,24,23,1
week-13,male,30-34,2020,4,Week 13,40,34,6
week-13,male,30-34,2021,5,Week 13,36,34,2
week-13,male,35-39,2020,2,Week 13,40,39,1
week-13,male,35-39,2021,3,Week 13,44,39,5
week-13,male,40-44,2020,0,Week 13,65,65,0
week-13,male,40-44,2021,2,Week 13,66,65,1
week-13,male,45-49,2020,4,Week 13,97,100,-3
week-13,male,45-49,2021,6,Week 13,70,100,-30
week-13,male,50-54,2020,5,Week 13,146,144,2
week-13,male,50-54,2021,9,Week 13,126,144,-18
week-13,male,55-59,2020,12,Week 13,235,200,35
week-13,male,55-59,2021,15,Week 13,216,200,16
week-13,male,60-64,2020,19,Week 13,286,274,12
week-13,male,60-64,2021,17,Week 13,248,274,-26
week-13,male,65-69,2020,30,Week 13,423,428,-5
week-13,male,65-69,2021,24,Week 13,298,428,-130
week-13,male,70-74,2020,38,Week 13,666,572,94
week-13,male,70-74,2021,20,Week 13,477,572,-95
week-13,male,75-79,2020,63,Week 13,788,716,72
week-13,male,75-79,2021,24,Week 13,567,716,-149
week-13,male,80-84,2020,55,Week 13,1005,855,150
week-13,male,80-84,2021,36,Week 13,660,855,-195
week-13,male,85-89,2020,59,Week 13,984,859,125
week-13,male,85-89,2021,30,Week 13,628,859,-231
week-13,male,90+,2020,42,Week 13,883,741,142
week-13,male,90+,2021,24,Week 13,618,741,-123
week-13,male,all-ages,2020,0,Week 13,0,0,0
week-13,male,all-ages,2021,0,Week 13,0,0,0
week-14,female,00-04,2020,0,Week 14,31,23,8
week-14,female,00-04,2021,0,Week 14,22,23,-1
week-14,female,05-09,2020,0,Week 14,3,2,1
week-14,female,05-09,2021,0,Week 14,1,2,-1
week-14,female,10-14,2020,0,Week 14,5,3,2
week-14,female,10-14,2021,0,Week 14,2,3,-1
week-14,female,15-19,2020,2,Week 14,2,4,-2
week-14,female,15-19,2021,0,Week 14,3,4,-1
week-14,female,20-24,2020,3,Week 14,8,7,1
week-14,female,20-24,2021,1,Week 14,9,7,2
week-14,female,25-29,2020,3,Week 14,10,10,0
week-14,female,25-29,2021,0,Week 14,12,10,2
week-14,female,30-34,2020,3,Week 14,15,17,-2
week-14,female,30-34,2021,0,Week 14,15,17,-2
week-14,female,35-39,2020,5,Week 14,31,23,8
week-14,female,35-39,2021,4,Week 14,37,23,14
week-14,female,40-44,2020,4,Week 14,39,37,2
week-14,female,40-44,2021,2,Week 14,36,37,-1
week-14,female,45-49,2020,24,Week 14,96,66,30
week-14,female,45-49,2021,3,Week 14,53,66,-13
week-14,female,50-54,2020,21,Week 14,132,100,32
week-14,female,50-54,2021,3,Week 14,76,100,-24
week-14,female,55-59,2020,51,Week 14,195,138,57
week-14,female,55-59,2021,7,Week 14,145,138,7
week-14,female,60-64,2020,51,Week 14,280,183,97
week-14,female,60-64,2021,13,Week 14,208,183,25
week-14,female,65-69,2020,71,Week 14,382,297,85
week-14,female,65-69,2021,13,Week 14,236,297,-61
week-14,female,70-74,2020,136,Week 14,651,418,233
week-14,female,70-74,2021,12,Week 14,381,418,-37
week-14,female,75-79,2020,197,Week 14,876,552,324
week-14,female,75-79,2021,17,Week 14,489,552,-63
week-14,female,80-84,2020,241,Week 14,1256,825,431
week-14,female,80-84,2021,27,Week 14,705,825,-120
week-14,female,85-89,2020,263,Week 14,1495,1045,450
week-14,female,85-89,2021,30,Week 14,904,1045,-141
week-14,female,90+,2020,274,Week 14,2086,1487,599
week-14,female,90+,2021,26,Week 14,1188,1487,-299
week-14,female,all-ages,2020,0,Week 14,0,0,0
week-14,female,all-ages,2021,0,Week 14,0,0,0
week-14,male,00-04,2020,0,Week 14,28,32,-4
week-14,male,00-04,2021,0,Week 14,26,32,-6
week-14,male,05-09,2020,0,Week 14,2,2,0
week-14,male,05-09,2021,0,Week 14,2,2,0
week-14,male,10-14,2020,0,Week 14,3,4,-1
week-14,male,10-14,2021,0,Week 14,2,4,-2
week-14,male,15-19,2020,1,Week 14,7,9,-2
week-14,male,15-19,2021,0,Week 14,10,9,1
week-14,male,20-24,2020,0,Week 14,12,15,-3
week-14,male,20-24,2021,0,Week 14,15,15,0
week-14,male,25-29,2020,2,Week 14,22,21,1
week-14,male,25-29,2021,0,Week 14,19,21,-2
week-14,male,30-34,2020,6,Week 14,39,31,8
week-14,male,30-34,2021,3,Week 14,27,31,-4
week-14,male,35-39,2020,7,Week 14,36,43,-7
week-14,male,35-39,2021,0,Week 14,57,43,14
week-14,male,40-44,2020,7,Week 14,67,59,8
week-14,male,40-44,2021,5,Week 14,52,59,-7
week-14,male,45-49,2020,18,Week 14,124,93,31
week-14,male,45-49,2021,2,Week 14,82,93,-11
week-14,male,50-54,2020,43,Week 14,244,142,102
week-14,male,50-54,2021,10,Week 14,141,142,-1
week-14,male,55-59,2020,86,Week 14,336,194,142
week-14,male,55-59,2021,15,Week 14,201,194,7
week-14,male,60-64,2020,118,Week 14,453,286,167
week-14,male,60-64,2021,18,Week 14,287,286,1
week-14,male,65-69,2020,153,Week 14,662,422,240
week-14,male,65-69,2021,19,Week 14,360,422,-62
week-14,male,70-74,2020,266,Week 14,1039,577,462
week-14,male,70-74,2021,23,Week 14,537,577,-40
week-14,male,75-79,2020,352,Week 14,1303,705,598
week-14,male,75-79,2021,34,Week 14,650,705,-55
week-14,male,80-84,2020,441,Week 14,1570,874,696
week-14,male,80-84,2021,29,Week 14,763,874,-111
week-14,male,85-89,2020,354,Week 14,1520,876,644
week-14,male,85-89,2021,32,Week 14,702,876,-174
week-14,male,90+,2020,272,Week 14,1327,736,591
week-14,male,90+,2021,31,Week 14,643,736,-93
week-14,male,all-ages,2020,0,Week 14,0,0,0
week-14,male,all-ages,2021,0,Week 14,0,0,0
week-15,female,00-04,2020,0,Week 15,13,24,-11
week-15,female,00-04,2021,0,Week 15,19,24,-5
week-15,female,05-09,2020,0,Week 15,1,3,-2
week-15,female,05-09,2021,0,Week 15,0,3,-3
week-15,female,10-14,2020,0,Week 15,3,3,0
week-15,female,10-14,2021,0,Week 15,1,3,-2
week-15,female,15-19,2020,1,Week 15,3,5,-2
week-15,female,15-19,2021,0,Week 15,5,5,0
week-15,female,20-24,2020,1,Week 15,4,8,-4
week-15,female,20-24,2021,0,Week 15,9,8,1
week-15,female,25-29,2020,3,Week 15,12,11,1
week-15,female,25-29,2021,1,Week 15,7,11,-4
week-15,female,30-34,2020,3,Week 15,15,17,-2
week-15,female,30-34,2021,3,Week 15,24,17,7
week-15,female,35-39,2020,6,Week 15,48,23,25
week-15,female,35-39,2021,1,Week 15,34,23,11
week-15,female,40-44,2020,13,Week 15,49,37,12
week-15,female,40-44,2021,2,Week 15,46,37,9
week-15,female,45-49,2020,29,Week 15,101,67,34
week-15,female,45-49,2021,4,Week 15,68,67,1
week-15,female,50-54,2020,50,Week 15,165,99,66
week-15,female,50-54,2021,5,Week 15,97,99,-2
week-15,female,55-59,2020,73,Week 15,226,135,91
week-15,female,55-59,2021,8,Week 15,169,135,34
week-15,female,60-64,2020,108,Week 15,304,196,108
week-15,female,60-64,2021,5,Week 15,195,196,-1
week-15,female,65-69,2020,148,Week 15,443,282,161
week-15,female,65-69,2021,14,Week 15,289,282,7
week-15,female,70-74,2020,231,Week 15,699,413,286
week-15,female,70-74,2021,12,Week 15,477,413,64
week-15,female,75-79,2020,332,Week 15,967,564,403
week-15,female,75-79,2021,18,Week 15,621,564,57
week-15,female,80-84,2020,465,Week 15,1400,790,610
week-15,female,80-84,2021,21,Week 15,775,790,-15
week-15,female,85-89,2020,423,Week 15,1738,1054,684
week-15,female,85-89,2021,34,Week 15,987,1054,-67
week-15,female,90+,2020,508,Week 15,2377,1480,897
week-15,female,90+,2021,32,Week 15,1366,1480,-114
week-15,female,all-ages,2020,0,Week 15,0,0,0
week-15,female,all-ages,2021,0,Week 15,0,0,0
week-15,male,00-04,2020,0,Week 15,31,32,-1
week-15,male,00-04,2021,0,Week 15,29,32,-3
week-15,male,05-09,2020,0,Week 15,3,3,0
week-15,male,05-09,2021,0,Week 15,3,3,0
week-15,male,10-14,2020,0,Week 15,1,4,-3
week-15,male,10-14,2021,0,Week 15,4,4,0
week-15,male,15-19,2020,2,Week 15,5,10,-5
week-15,male,15-19,2021,0,Week 15,11,10,1
week-15,male,20-24,2020,4,Week 15,12,21,-9
week-15,male,20-24,2021,0,Week 15,19,21,-2
week-15,male,25-29,2020,5,Week 15,29,23,6
week-15,male,25-29,2021,0,Week 15,23,23,0
week-15,male,30-34,2020,4,Week 15,30,30,0
week-15,male,30-34,2021,1,Week 15,22,30,-8
week-15,male,35-39,2020,13,Week 15,60,43,17
week-15,male,35-39,2021,1,Week 15,60,43,17
week-15,male,40-44,2020,19,Week 15,65,62,3
week-15,male,40-44,2021,4,Week 15,76,62,14
week-15,male,45-49,2020,46,Week 15,148,103,45
week-15,male,45-49,2021,6,Week 15,105,103,2
week-15,male,50-54,2020,76,Week 15,247,145,102
week-15,male,50-54,2021,5,Week 15,170,145,25
week-15,male,55-59,2020,135,Week 15,372,209,163
week-15,male,55-59,2021,19,Week 15,281,209,72
week-15,male,60-64,2020,225,Week 15,548,279,269
week-15,male,60-64,2021,16,Week 15,311,279,32
week-15,male,65-69,2020,279,Week 15,706,423,283
week-15,male,65-69,2021,18,Week 15,405,423,-18
week-15,male,70-74,2020,446,Week 15,1098,569,529
week-15,male,70-74,2021,16,Week 15,600,569,31
week-15,male,75-79,2020,641,Week 15,1451,684,767
week-15,male,75-79,2021,19,Week 15,749,684,65
week-15,male,80-84,2020,772,Week 15,1795,850,945
week-15,male,80-84,2021,31,Week 15,846,850,-4
week-15,male,85-89,2020,668,Week 15,1826,838,988
week-15,male,85-89,2021,37,Week 15,788,838,-50
week-15,male,90+,2020,484,Week 15,1521,716,805
week-15,male,90+,2021,29,Week 15,747,716,31
week-15,male,all-ages,2020,0,Week 15,0,0,0
week-15,male,all-ages,2021,0,Week 15,0,0,0
week-16,female,00-04,2020,1,Week 16,29,25,4
week-16,female,00-04,2021,0,Week 16,25,25,0
week-16,female,05-09,2020,0,Week 16,3,2,1
week-16,female,05-09,2021,0,Week 16,2,2,0
week-16,female,10-14,2020,1,Week 16,3,2,1
week-16,female,10-14,2021,0,Week 16,0,2,-2
week-16,female,15-19,2020,0,Week 16,8,6,2
week-16,female,15-19,2021,0,Week 16,5,6,-1
week-16,female,20-24,2020,1,Week 16,5,9,-4
week-16,female,20-24,2021,0,Week 16,10,9,1
week-16,female,25-29,2020,3,Week 16,12,9,3
week-16,female,25-29,2021,0,Week 16,11,9,2
week-16,female,30-34,2020,6,Week 16,20,17,3
week-16,female,30-34,2021,0,Week 16,24,17,7
week-16,female,35-39,2020,12,Week 16,36,24,12
week-16,female,35-39,2021,0,Week 16,33,24,9
week-16,female,40-44,2020,18,Week 16,55,33,22
week-16,female,40-44,2021,0,Week 16,45,33,12
week-16,female,45-49,2020,22,Week 16,95,65,30
week-16,female,45-49,2021,2,Week 16,66,65,1
week-16,female,50-54,2020,79,Week 16,199,105,94
week-16,female,50-54,2021,3,Week 16,90,105,-15
week-16,female,55-59,2020,84,Week 16,245,137,108
week-16,female,55-59,2021,5,Week 16,137,137,0
week-16,female,60-64,2020,141,Week 16,354,193,161
week-16,female,60-64,2021,8,Week 16,223,193,30
week-16,female,65-69,2020,183,Week 16,481,283,198
week-16,female,65-69,2021,9,Week 16,264,283,-19
week-16,female,70-74,2020,298,Week 16,828,417,411
week-16,female,70-74,2021,12,Week 16,457,417,40
week-16,female,75-79,2020,465,Week 16,1182,541,641
week-16,female,75-79,2021,12,Week 16,577,541,36
week-16,female,80-84,2020,652,Week 16,1740,781,959
week-16,female,80-84,2021,13,Week 16,715,781,-66
week-16,female,85-89,2020,781,Week 16,2333,1026,1307
week-16,female,85-89,2021,18,Week 16,937,1026,-89
week-16,female,90+,2020,954,Week 16,3278,1444,1834
week-16,female,90+,2021,25,Week 16,1317,1444,-127
week-16,female,all-ages,2020,0,Week 16,0,0,0
week-16,female,all-ages,2021,0,Week 16,0,0,0
week-16,male,00-04,2020,0,Week 16,28,34,-6
week-16,male,00-04,2021,0,Week 16,28,34,-6
week-16,male,05-09,2020,0,Week 16,2,3,-1
week-16,male,05-09,2021,0,Week 16,1,3,-2
week-16,male,10-14,2020,0,Week 16,1,4,-3
week-16,male,10-14,2021,0,Week 16,0,4,-4
week-16,male,15-19,2020,1,Week 16,12,8,4
week-16,male,15-19,2021,0,Week 16,7,8,-1
week-16,male,20-24,2020,2,Week 16,12,17,-5
week-16,male,20-24,2021,0,Week 16,18,17,1
week-16,male,25-29,2020,5,Week 16,28,19,9
week-16,male,25-29,2021,0,Week 16,19,19,0
week-16,male,30-34,2020,7,Week 16,32,31,1
week-16,male,30-34,2021,1,Week 16,40,31,9
week-16,male,35-39,2020,15,Week 16,56,40,16
week-16,male,35-39,2021,1,Week 16,44,40,4
week-16,male,40-44,2020,31,Week 16,77,58,19
week-16,male,40-44,2021,2,Week 16,75,58,17
week-16,male,45-49,2020,54,Week 16,147,97,50
week-16,male,45-49,2021,3,Week 16,106,97,9
week-16,male,50-54,2020,111,Week 16,229,140,89
week-16,male,50-54,2021,7,Week 16,187,140,47
week-16,male,55-59,2020,203,Week 16,434,208,226
week-16,male,55-59,2021,6,Week 16,227,208,19
week-16,male,60-64,2020,272,Week 16,591,271,320
week-16,male,60-64,2021,16,Week 16,352,271,81
week-16,male,65-69,2020,370,Week 16,791,419,372
week-16,male,65-69,2021,12,Week 16,373,419,-46
week-16,male,70-74,2020,591,Week 16,1280,557,723
week-16,male,70-74,2021,18,Week 16,581,557,24
week-16,male,75-79,2020,732,Week 16,1635,681,954
week-16,male,75-79,2021,18,Week 16,683,681,2
week-16,male,80-84,2020,985,Week 16,2100,844,1256
week-16,male,80-84,2021,35,Week 16,806,844,-38
week-16,male,85-89,2020,958,Week 16,2111,819,1292
week-16,male,85-89,2021,21,Week 16,788,819,-31
week-16,male,90+,2020,720,Week 16,1879,712,1167
week-16,male,90+,2021,13,Week 16,668,712,-44
week-16,male,all-ages,2020,0,Week 16,0,0,0
week-16,male,all-ages,2021,0,Week 16,0,0,0
week-17,female,00-04,2020,0,Week 17,23,25,-2
week-17,female,00-04,2021,0,Week 17,18,25,-7
week-17,female,05-09,2020,0,Week 17,0,2,-2
week-17,female,05-09,2021,0,Week 17,1,2,-1
week-17,female,10-14,2020,0,Week 17,1,2,-1
week-17,female,10-14,2021,0,Week 17,3,2,1
week-17,female,15-19,2020,0,Week 17,6,5,1
week-17,female,15-19,2021,0,Week 17,3,5,-2
week-17,female,20-24,2020,2,Week 17,14,7,7
week-17,female,20-24,2021,1,Week 17,5,7,-2
week-17,female,25-29,2020,4,Week 17,11,11,0
week-17,female,25-29,2021,0,Week 17,11,11,0
week-17,female,30-34,2020,8,Week 17,27,15,12
week-17,female,30-34,2021,0,Week 17,17,15,2
week-17,female,35-39,2020,10,Week 17,36,25,11
week-17,female,35-39,2021,0,Week 17,31,25,6
week-17,female,40-44,2020,15,Week 17,59,39,20
week-17,female,40-44,2021,1,Week 17,53,39,14
week-17,female,45-49,2020,25,Week 17,104,64,40
week-17,female,45-49,2021,0,Week 17,50,64,-14
week-17,female,50-54,2020,44,Week 17,164,96,68
week-17,female,50-54,2021,3,Week 17,108,96,12
week-17,female,55-59,2020,78,Week 17,232,126,106
week-17,female,55-59,2021,2,Week 17,145,126,19
week-17,female,60-64,2020,123,Week 17,349,192,157
week-17,female,60-64,2021,6,Week 17,188,192,-4
week-17,female,65-69,2020,151,Week 17,453,291,162
week-17,female,65-69,2021,5,Week 17,251,291,-40
week-17,female,70-74,2020,261,Week 17,770,383,387
week-17,female,70-74,2021,7,Week 17,422,383,39
week-17,female,75-79,2020,383,Week 17,1127,548,579
week-17,female,75-79,2021,10,Week 17,537,548,-11
week-17,female,80-84,2020,693,Week 17,1765,775,990
week-17,female,80-84,2021,20,Week 17,718,775,-57
week-17,female,85-89,2020,813,Week 17,2264,983,1281
week-17,female,85-89,2021,19,Week 17,847,983,-136
week-17,female,90+,2020,1073,Week 17,3364,1374,1990
week-17,female,90+,2021,15,Week 17,1275,1374,-99
week-17,female,all-ages,2020,0,Week 17,0,0,0
week-17,female,all-ages,2021,0,Week 17,0,0,0
week-17,male,00-04,2020,0,Week 17,37,31,6
week-17,male,00-04,2021,0,Week 17,21,31,-10
week-17,male,05-09,2020,0,Week 17,3,2,1
week-17,male,05-09,2021,0,Week 17,1,2,-1
week-17,male,10-14,2020,0,Week 17,2,4,-2
week-17,male,10-14,2021,0,Week 17,2,4,-2
week-17,male,15-19,2020,0,Week 17,5,9,-4
week-17,male,15-19,2021,0,Week 17,10,9,1
week-17,male,20-24,2020,2,Week 17,11,19,-8
week-17,male,20-24,2021,0,Week 17,17,19,-2
week-17,male,25-29,2020,5,Week 17,23,25,-2
week-17,male,25-29,2021,0,Week 17,21,25,-4
week-17,male,30-34,2020,12,Week 17,39,28,11
week-17,male,30-34,2021,1,Week 17,27,28,-1
week-17,male,35-39,2020,7,Week 17,62,41,21
week-17,male,35-39,2021,2,Week 17,41,41,0
week-17,male,40-44,2020,38,Week 17,111,52,59
week-17,male,40-44,2021,4,Week 17,54,52,2
week-17,male,45-49,2020,57,Week 17,175,96,79
week-17,male,45-49,2021,3,Week 17,108,96,12
week-17,male,50-54,2020,95,Week 17,274,148,126
week-17,male,50-54,2021,2,Week 17,146,148,-2
week-17,male,55-59,2020,162,Week 17,407,195,212
week-17,male,55-59,2021,8,Week 17,235,195,40
week-17,male,60-64,2020,239,Week 17,578,283,295
week-17,male,60-64,2021,8,Week 17,288,283,5
week-17,male,65-69,2020,307,Week 17,795,404,391
week-17,male,65-69,2021,13,Week 17,399,404,-5
week-17,male,70-74,2020,470,Week 17,1220,545,675
week-17,male,70-74,2021,20,Week 17,584,545,39
week-17,male,75-79,2020,657,Week 17,1614,674,940
week-17,male,75-79,2021,12,Week 17,705,674,31
week-17,male,80-84,2020,882,Week 17,2007,824,1183
week-17,male,80-84,2021,13,Week 17,807,824,-17
week-17,male,85-89,2020,896,Week 17,2085,801,1284
week-17,male,85-89,2021,15,Week 17,801,801,0
week-17,male,90+,2020,725,Week 17,1780,680,1100
week-17,male,90+,2021,15,Week 17,742,680,62
week-17,male,all-ages,2020,0,Week 17,0,0,0
week-17,male,all-ages,2021,0,Week 17,0,0,0
week-18,female,00-04,2020,0,Week 18,21,21,0
week-18,female,05-09,2020,0,Week 18,0,3,-3
week-18,female,10-14,2020,0,Week 18,3,1,2
week-18,female,15-19,2020,0,Week 18,3,5,-2
week-18,female,20-24,2020,0,Week 18,7,8,-1
week-18,female,25-29,2020,1,Week 18,17,9,8
week-18,female,30-34,2020,1,Week 18,24,15,9
week-18,female,35-39,2020,8,Week 18,38,23,15
week-18,female,40-44,2020,7,Week 18,43,40,3
week-18,female,45-49,2020,23,Week 18,87,56,31
week-18,female,50-54,2020,32,Week 18,152,97,55
week-18,female,55-59,2020,52,Week 18,203,128,75
week-18,female,60-64,2020,61,Week 18,272,189,83
week-18,female,65-69,2020,101,Week 18,392,282,110
week-18,female,70-74,2020,168,Week 18,638,387,251
week-18,female,75-79,2020,332,Week 18,950,532,418
week-18,female,80-84,2020,517,Week 18,1432,763,669
week-18,female,85-89,2020,668,Week 18,1926,981,945
week-18,female,90+,2020,910,Week 18,2888,1344,1544
week-18,female,all-ages,2020,0,Week 18,0,0,0
week-18,male,00-04,2020,0,Week 18,35,33,2
week-18,male,05-09,2020,0,Week 18,0,2,-2
week-18,male,10-14,2020,0,Week 18,0,4,-4
week-18,male,15-19,2020,1,Week 18,11,10,1
week-18,male,20-24,2020,2,Week 18,11,17,-6
week-18,male,25-29,2020,1,Week 18,23,22,1
week-18,male,30-34,2020,5,Week 18,35,33,2
week-18,male,35-39,2020,10,Week 18,60,45,15
week-18,male,40-44,2020,16,Week 18,73,64,9
week-18,male,45-49,2020,33,Week 18,148,90,58
week-18,male,50-54,2020,62,Week 18,235,142,93
week-18,male,55-59,2020,112,Week 18,347,200,147
week-18,male,60-64,2020,137,Week 18,453,271,182
week-18,male,65-69,2020,209,Week 18,631,414,217
week-18,male,70-74,2020,327,Week 18,940,533,407
week-18,male,75-79,2020,438,Week 18,1205,674,531
week-18,male,80-84,2020,579,Week 18,1555,821,734
week-18,male,85-89,2020,638,Week 18,1588,812,776
week-18,male,90+,2020,584,Week 18,1507,671,836
week-18,male,all-ages,2020,0,Week 18,0,0,0
week-19,female,00-04,2020,0,Week 19,15,25,-10
week-19,female,05-09,2020,0,Week 19,1,2,-1
week-19,female,10-14,2020,0,Week 19,3,3,0
week-19,female,15-19,2020,0,Week 19,4,4,0
week-19,female,20-24,2020,2,Week 19,7,8,-1
week-19,female,25-29,2020,0,Week 19,7,8,-1
week-19,female,30-34,2020,5,Week 19,15,14,1
week-19,female,35-39,2020,5,Week 19,26,24,2
week-19,female,40-44,2020,8,Week 19,27,40,-13
week-19,female,45-49,2020,7,Week 19,67,62,5
week-19,female,50-54,2020,25,Week 19,107,101,6
week-19,female,55-59,2020,28,Week 19,152,135,17
week-19,female,60-64,2020,44,Week 19,197,190,7
week-19,female,65-69,2020,68,Week 19,316,271,45
week-19,female,70-74,2020,118,Week 19,490,392,98
week-19,female,75-79,2020,188,Week 19,661,525,136
week-19,female,80-84,2020,339,Week 19,987,752,235
week-19,female,85-89,2020,455,Week 19,1352,984,368
week-19,female,90+,2020,646,Week 19,2014,1358,656
week-19,female,all-ages,2020,0,Week 19,0,0,0
week-19,male,00-04,2020,1,Week 19,19,31,-12
week-19,male,05-09,2020,0,Week 19,3,2,1
week-19,male,10-14,2020,0,Week 19,7,3,4
week-19,male,15-19,2020,0,Week 19,5,9,-4
week-19,male,20-24,2020,1,Week 19,11,17,-6
week-19,male,25-29,2020,4,Week 19,18,25,-7
week-19,male,30-34,2020,3,Week 19,18,36,-18
week-19,male,35-39,2020,2,Week 19,33,36,-3
week-19,male,40-44,2020,10,Week 19,62,58,4
week-19,male,45-49,2020,19,Week 19,98,99,-1
week-19,male,50-54,2020,34,Week 19,160,133,27
week-19,male,55-59,2020,69,Week 19,255,198,57
week-19,male,60-64,2020,91,Week 19,334,258,76
week-19,male,65-69,2020,111,Week 19,447,418,29
week-19,male,70-74,2020,189,Week 19,682,552,130
week-19,male,75-79,2020,276,Week 19,867,664,203
week-19,male,80-84,2020,433,Week 19,1112,809,303
week-19,male,85-89,2020,380,Week 19,1089,798,291
week-19,male,90+,2020,369,Week 19,989,686,303
week-19,male,all-ages,2020,0,Week 19,0,0,0
week-2,female,00-04,2020,0,Week 2,26,31,-5
week-2,female,00-04,2021,0,Week 2,21,31,-10
week-2,female,05-09,2020,0,Week 2,4,5,-1
week-2,female,05-09,2021,0,Week 2,0,5,-5
week-2,female,10-14,2020,0,Week 2,2,3,-1
week-2,female,10-14,2021,0,Week 2,1,3,-2
week-2,female,15-19,2020,0,Week 2,8,4,4
week-2,female,15-19,2021,0,Week 2,6,4,2
week-2,female,20-24,2020,0,Week 2,9,9,0
week-2,female,20-24,2021,2,Week 2,6,9,-3
week-2,female,25-29,2020,0,Week 2,9,8,1
week-2,female,25-29,2021,1,Week 2,15,8,7
week-2,female,30-34,2020,0,Week 2,18,18,0
week-2,female,30-34,2021,4,Week 2,20,18,2
week-2,female,35-39,2020,0,Week 2,22,27,-5
week-2,female,35-39,2021,13,Week 2,42,27,15
week-2,female,40-44,2020,0,Week 2,33,40,-7
week-2,female,40-44,2021,19,Week 2,69,40,29
week-2,female,45-49,2020,0,Week 2,77,67,10
week-2,female,45-49,2021,31,Week 2,104,67,37
week-2,female,50-54,2020,0,Week 2,123,103,20
week-2,female,50-54,2021,51,Week 2,155,103,52
week-2,female,55-59,2020,0,Week 2,167,156,11
week-2,female,55-59,2021,76,Week 2,224,156,68
week-2,female,60-64,2020,0,Week 2,249,218,31
week-2,female,60-64,2021,121,Week 2,329,218,111
week-2,female,65-69,2020,0,Week 2,348,349,-1
week-2,female,65-69,2021,170,Week 2,451,349,102
week-2,female,70-74,2020,0,Week 2,580,505,75
week-2,female,70-74,2021,266,Week 2,718,505,213
week-2,female,75-79,2020,0,Week 2,800,698,102
week-2,female,75-79,2021,408,Week 2,995,698,297
week-2,female,80-84,2020,0,Week 2,1118,1034,84
week-2,female,80-84,2021,605,Week 2,1452,1034,418
week-2,female,85-89,2020,0,Week 2,1466,1406,60
week-2,female,85-89,2021,690,Week 2,1698,1406,292
week-2,female,90+,2020,0,Week 2,2170,2043,127
week-2,female,90+,2021,972,Week 2,2529,2043,486
week-2,female,all-ages,2020,0,Week 2,0,0,0
week-2,female,all-ages,2021,0,Week 2,0,0,0
week-2,male,00-04,2020,0,Week 2,33,33,0
week-2,male,00-04,2021,0,Week 2,34,33,1
week-2,male,05-09,2020,0,Week 2,4,2,2
week-2,male,05-09,2021,0,Week 2,1,2,-1
week-2,male,10-14,2020,0,Week 2,7,4,3
week-2,male,10-14,2021,0,Week 2,4,4,0
week-2,male,15-19,2020,0,Week 2,8,11,-3
week-2,male,15-19,2021,0,Week 2,8,11,-3
week-2,male,20-24,2020,0,Week 2,14,20,-6
week-2,male,20-24,2021,2,Week 2,20,20,0
week-2,male,25-29,2020,0,Week 2,28,26,2
week-2,male,25-29,2021,3,Week 2,22,26,-4
week-2,male,30-34,2020,0,Week 2,28,34,-6
week-2,male,30-34,2021,8,Week 2,36,34,2
week-2,male,35-39,2020,0,Week 2,46,42,4
week-2,male,35-39,2021,14,Week 2,60,42,18
week-2,male,40-44,2020,0,Week 2,52,66,-14
week-2,male,40-44,2021,20,Week 2,83,66,17
week-2,male,45-49,2020,0,Week 2,114,120,-6
week-2,male,45-49,2021,49,Week 2,137,120,17
week-2,male,50-54,2020,0,Week 2,156,155,1
week-2,male,50-54,2021,78,Week 2,264,155,109
week-2,male,55-59,2020,0,Week 2,259,230,29
week-2,male,55-59,2021,142,Week 2,348,230,118
week-2,male,60-64,2020,0,Week 2,355,316,39
week-2,male,60-64,2021,217,Week 2,540,316,224
week-2,male,65-69,2020,0,Week 2,509,508,1
week-2,male,65-69,2021,255,Week 2,694,508,186
week-2,male,70-74,2020,0,Week 2,761,663,98
week-2,male,70-74,2021,448,Week 2,1081,663,418
week-2,male,75-79,2020,0,Week 2,924,853,71
week-2,male,75-79,2021,540,Week 2,1285,853,432
week-2,male,80-84,2020,0,Week 2,1172,1024,148
week-2,male,80-84,2021,714,Week 2,1552,1024,528
week-2,male,85-89,2020,0,Week 2,1231,1070,161
week-2,male,85-89,2021,703,Week 2,1580,1070,510
week-2,male,90+,2020,0,Week 2,1127,1002,125
week-2,male,90+,2021,623,Week 2,1458,1002,456
week-2,male,all-ages,2020,0,Week 2,0,0,0
week-2,male,all-ages,2021,0,Week 2,0,0,0
week-20,female,00-04,2020,0,Week 20,27,24,3
week-20,female,05-09,2020,0,Week 20,1,2,-1
week-20,female,10-14,2020,0,Week 20,2,3,-1
week-20,female,15-19,2020,1,Week 20,5,5,0
week-20,female,20-24,2020,0,Week 20,3,6,-3
week-20,female,25-29,2020,1,Week 20,10,14,-4
week-20,female,30-34,2020,2,Week 20,9,17,-8
week-20,female,35-39,2020,2,Week 20,30,26,4
week-20,female,40-44,2020,7,Week 20,50,38,12
week-20,female,45-49,2020,12,Week 20,81,62,19
week-20,female,50-54,2020,15,Week 20,111,91,20
week-20,female,55-59,2020,25,Week 20,198,129,69
week-20,female,60-64,2020,43,Week 20,266,181,85
week-20,female,65-69,2020,70,Week 20,339,280,59
week-20,female,70-74,2020,110,Week 20,559,393,166
week-20,female,75-79,2020,168,Week 20,733,505,228
week-20,female,80-84,2020,311,Week 20,1141,772,369
week-20,female,85-89,2020,472,Week 20,1514,934,580
week-20,female,90+,2020,628,Week 20,2251,1314,937
week-20,female,all-ages,2020,0,Week 20,0,0,0
week-20,male,00-04,2020,1,Week 20,39,32,7
week-20,male,05-09,2020,0,Week 20,4,2,2
week-20,male,10-14,2020,0,Week 20,2,2,0
week-20,male,15-19,2020,0,Week 20,8,8,0
week-20,male,20-24,2020,1,Week 20,16,15,1
week-20,male,25-29,2020,5,Week 20,23,22,1
week-20,male,30-34,2020,2,Week 20,31,29,2
week-20,male,35-39,2020,5,Week 20,48,41,7
week-20,male,40-44,2020,7,Week 20,54,62,-8
week-20,male,45-49,2020,13,Week 20,114,93,21
week-20,male,50-54,2020,24,Week 20,192,141,51
week-20,male,55-59,2020,55,Week 20,279,198,81
week-20,male,60-64,2020,79,Week 20,402,263,139
week-20,male,65-69,2020,111,Week 20,515,404,111
week-20,male,70-74,2020,194,Week 20,775,556,219
week-20,male,75-79,2020,301,Week 20,1013,629,384
week-20,male,80-84,2020,375,Week 20,1280,795,485
week-20,male,85-89,2020,396,Week 20,1291,783,508
week-20,male,90+,2020,374,Week 20,1157,657,500
week-20,male,all-ages,2020,0,Week 20,0,0,0
week-21,female,00-04,2020,0,Week 21,26,23,3
week-21,female,05-09,2020,0,Week 21,1,2,-1
week-21,female,10-14,2020,0,Week 21,2,2,0
week-21,female,15-19,2020,0,Week 21,4,4,0
week-21,female,20-24,2020,0,Week 21,4,8,-4
week-21,female,25-29,2020,0,Week 21,10,12,-2
week-21,female,30-34,2020,1,Week 21,21,15,6
week-21,female,35-39,2020,0,Week 21,28,26,2
week-21,female,40-44,2020,8,Week 21,50,39,11
week-21,female,45-49,2020,7,Week 21,74,60,14
week-21,female,50-54,2020,7,Week 21,102,93,9
week-21,female,55-59,2020,21,Week 21,162,129,33
week-21,female,60-64,2020,33,Week 21,237,178,59
week-21,female,65-69,2020,37,Week 21,300,276,24
week-21,female,70-74,2020,61,Week 21,459,387,72
week-21,female,75-79,2020,142,Week 21,681,512,169
week-21,female,80-84,2020,211,Week 21,952,758,194
week-21,female,85-89,2020,308,Week 21,1242,925,317
week-21,female,90+,2020,462,Week 21,1836,1322,514
week-21,female,all-ages,2020,0,Week 21,0,0,0
week-21,male,00-04,2020,0,Week 21,29,34,-5
week-21,male,05-09,2020,0,Week 21,4,1,3
week-21,male,10-14,2020,0,Week 21,5,3,2
week-21,male,15-19,2020,0,Week 21,9,9,0
week-21,male,20-24,2020,1,Week 21,14,17,-3
week-21,male,25-29,2020,2,Week 21,24,24,0
week-21,male,30-34,2020,3,Week 21,29,31,-2
week-21,male,35-39,2020,4,Week 21,49,41,8
week-21,male,40-44,2020,11,Week 21,97,59,38
week-21,male,45-49,2020,12,Week 21,101,94,7
week-21,male,50-54,2020,24,Week 21,190,142,48
week-21,male,55-59,2020,41,Week 21,265,198,67
week-21,male,60-64,2020,53,Week 21,350,260,90
week-21,male,65-69,2020,66,Week 21,435,411,24
week-21,male,70-74,2020,138,Week 21,689,522,167
week-21,male,75-79,2020,174,Week 21,811,640,171
week-21,male,80-84,2020,246,Week 21,1011,803,208
week-21,male,85-89,2020,285,Week 21,1041,778,263
week-21,male,90+,2020,231,Week 21,944,648,296
week-21,male,all-ages,2020,0,Week 21,0,0,0
week-22,female,00-04,2020,0,Week 22,20,26,-6
week-22,female,05-09,2020,0,Week 22,2,2,0
week-22,female,10-14,2020,0,Week 22,2,3,-1
week-22,female,15-19,2020,0,Week 22,2,3,-1
week-22,female,20-24,2020,0,Week 22,5,7,-2
week-22,female,25-29,2020,0,Week 22,4,11,-7
week-22,female,30-34,2020,0,Week 22,10,16,-6
week-22,female,35-39,2020,1,Week 22,22,24,-2
week-22,female,40-44,2020,1,Week 22,33,35,-2
week-22,female,45-49,2020,5,Week 22,51,58,-7
week-22,female,50-54,2020,6,Week 22,98,91,7
week-22,female,55-59,2020,16,Week 22,130,128,2
week-22,female,60-64,2020,21,Week 22,182,176,6
week-22,female,65-69,2020,33,Week 22,247,266,-19
week-22,female,70-74,2020,67,Week 22,426,382,44
week-22,female,75-79,2020,88,Week 22,530,508,22
week-22,female,80-84,2020,184,Week 22,809,723,86
week-22,female,85-89,2020,209,Week 22,990,901,89
week-22,female,90+,2020,296,Week 22,1427,1268,159
week-22,female,all-ages,2020,0,Week 22,0,0,0
week-22,male,00-04,2020,0,Week 22,26,28,-2
week-22,male,05-09,2020,0,Week 22,1,4,-3
week-22,male,10-14,2020,1,Week 22,3,3,0
week-22,male,15-19,2020,0,Week 22,5,12,-7
week-22,male,20-24,2020,1,Week 22,15,21,-6
week-22,male,25-29,2020,1,Week 22,21,26,-5
week-22,male,30-34,2020,0,Week 22,30,26,4
week-22,male,35-39,2020,1,Week 22,41,41,0
week-22,male,40-44,2020,1,Week 22,44,55,-11
week-22,male,45-49,2020,6,Week 22,85,87,-2
week-22,male,50-54,2020,12,Week 22,119,143,-24
week-22,male,55-59,2020,25,Week 22,202,187,15
week-22,male,60-64,2020,32,Week 22,256,259,-3
week-22,male,65-69,2020,33,Week 22,361,394,-33
week-22,male,70-74,2020,90,Week 22,533,515,18
week-22,male,75-79,2020,122,Week 22,713,631,82
week-22,male,80-84,2020,197,Week 22,828,765,63
week-22,male,85-89,2020,201,Week 22,810,749,61
week-22,male,90+,2020,172,Week 22,741,626,115
week-22,male,all-ages,2020,0,Week 22,0,0,0
week-23,female,00-04,2020,0,Week 23,26,23,3
week-23,female,05-09,2020,0,Week 23,1,1,0
week-23,female,10-14,2020,0,Week 23,2,2,0
week-23,female,15-19,2020,0,Week 23,4,5,-1
week-23,female,20-24,2020,0,Week 23,9,4,5
week-23,female,25-29,2020,1,Week 23,8,9,-1
week-23,female,30-34,2020,2,Week 23,18,15,3
week-23,female,35-39,2020,2,Week 23,30,25,5
week-23,female,40-44,2020,2,Week 23,27,33,-6
week-23,female,45-49,2020,7,Week 23,51,60,-9
week-23,female,50-54,2020,11,Week 23,96,96,0
week-23,female,55-59,2020,20,Week 23,152,124,28
week-23,female,60-64,2020,17,Week 23,219,176,43
week-23,female,65-69,2020,34,Week 23,295,289,6
week-23,female,70-74,2020,54,Week 23,464,387,77
week-23,female,75-79,2020,80,Week 23,625,507,118
week-23,female,80-84,2020,130,Week 23,854,710,144
week-23,female,85-89,2020,187,Week 23,1041,884,157
week-23,female,90+,2020,257,Week 23,1444,1257,187
week-23,female,all-ages,2020,0,Week 23,0,0,0
week-23,male,00-04,2020,0,Week 23,22,32,-10
week-23,male,05-09,2020,0,Week 23,3,4,-1
week-23,male,10-14,2020,1,Week 23,6,2,4
week-23,male,15-19,2020,0,Week 23,6,8,-2
week-23,male,20-24,2020,0,Week 23,16,22,-6
week-23,male,25-29,2020,0,Week 23,13,20,-7
week-23,male,30-34,2020,1,Week 23,35,29,6
week-23,male,35-39,2020,3,Week 23,43,39,4
week-23,male,40-44,2020,4,Week 23,58,56,2
week-23,male,45-49,2020,3,Week 23,101,90,11
week-23,male,50-54,2020,14,Week 23,159,139,20
week-23,male,55-59,2020,21,Week 23,229,188,41
week-23,male,60-64,2020,30,Week 23,301,258,43
week-23,male,65-69,2020,50,Week 23,415,391,24
week-23,male,70-74,2020,75,Week 23,617,528,89
week-23,male,75-79,2020,118,Week 23,738,657,81
week-23,male,80-84,2020,167,Week 23,925,769,156
week-23,male,85-89,2020,150,Week 23,885,742,143
week-23,male,90+,2020,147,Week 23,771,623,148
week-23,male,all-ages,2020,0,Week 23,0,0,0
week-24,female,00-04,2020,0,Week 24,19,28,-9
week-24,female,05-09,2020,0,Week 24,0,2,-2
week-24,female,10-14,2020,0,Week 24,2,2,0
week-24,female,15-19,2020,0,Week 24,3,7,-4
week-24,female,20-24,2020,0,Week 24,5,5,0
week-24,female,25-29,2020,0,Week 24,9,10,-1
week-24,female,30-34,2020,0,Week 24,20,16,4
week-24,female,35-39,2020,1,Week 24,32,21,11
week-24,female,40-44,2020,4,Week 24,44,31,13
week-24,female,45-49,2020,2,Week 24,67,64,3
week-24,female,50-54,2020,4,Week 24,94,95,-1
week-24,female,55-59,2020,9,Week 24,135,133,2
week-24,female,60-64,2020,14,Week 24,202,172,30
week-24,female,65-69,2020,20,Week 24,272,263,9
week-24,female,70-74,2020,34,Week 24,470,385,85
week-24,female,75-79,2020,60,Week 24,548,496,52
week-24,female,80-84,2020,99,Week 24,796,725,71
week-24,female,85-89,2020,122,Week 24,950,885,65
week-24,female,90+,2020,174,Week 24,1323,1274,49
week-24,female,all-ages,2020,0,Week 24,0,0,0
week-24,male,00-04,2020,0,Week 24,29,33,-4
week-24,male,05-09,2020,0,Week 24,2,4,-2
week-24,male,10-14,2020,0,Week 24,3,4,-1
week-24,male,15-19,2020,0,Week 24,7,9,-2
week-24,male,20-24,2020,0,Week 24,18,17,1
week-24,male,25-29,2020,1,Week 24,19,19,0
week-24,male,30-34,2020,0,Week 24,22,32,-10
week-24,male,35-39,2020,2,Week 24,52,40,12
week-24,male,40-44,2020,1,Week 24,56,59,-3
week-24,male,45-49,2020,6,Week 24,99,101,-2
week-24,male,50-54,2020,12,Week 24,152,137,15
week-24,male,55-59,2020,18,Week 24,211,192,19
week-24,male,60-64,2020,20,Week 24,310,247,63
week-24,male,65-69,2020,25,Week 24,376,390,-14
week-24,male,70-74,2020,58,Week 24,601,518,83
week-24,male,75-79,2020,79,Week 24,682,634,48
week-24,male,80-84,2020,125,Week 24,840,759,81
week-24,male,85-89,2020,121,Week 24,761,740,21
week-24,male,90+,2020,103,Week 24,745,621,124
week-24,male,all-ages,2020,0,Week 24,0,0,0
week-25,female,00-04,2020,0,Week 25,24,24,0
week-25,female,05-09,2020,0,Week 25,3,2,1
week-25,female,10-14,2020,0,Week 25,1,1,0
week-25,female,15-19,2020,0,Week 25,4,3,1
week-25,female,20-24,2020,1,Week 25,3,7,-4
week-25,female,25-29,2020,0,Week 25,9,11,-2
week-25,female,30-34,2020,1,Week 25,14,17,-3
week-25,female,35-39,2020,0,Week 25,21,24,-3
week-25,female,40-44,2020,1,Week 25,36,38,-2
week-25,female,45-49,2020,4,Week 25,72,62,10
week-25,female,50-54,2020,3,Week 25,91,89,2
week-25,female,55-59,2020,6,Week 25,143,124,19
week-25,female,60-64,2020,14,Week 25,198,171,27
week-25,female,65-69,2020,14,Week 25,256,271,-15
week-25,female,70-74,2020,20,Week 25,415,372,43
week-25,female,75-79,2020,35,Week 25,441,508,-67
week-25,female,80-84,2020,78,Week 25,736,723,13
week-25,female,85-89,2020,100,Week 25,819,909,-90
week-25,female,90+,2020,114,Week 25,1283,1269,14
week-25,female,all-ages,2020,0,Week 25,0,0,0
week-25,male,00-04,2020,0,Week 25,34,29,5
week-25,male,05-09,2020,0,Week 25,2,2,0
week-25,male,10-14,2020,0,Week 25,3,3,0
week-25,male,15-19,2020,0,Week 25,5,10,-5
week-25,male,20-24,2020,0,Week 25,10,16,-6
week-25,male,25-29,2020,1,Week 25,23,22,1
week-25,male,30-34,2020,0,Week 25,26,31,-5
week-25,male,35-39,2020,3,Week 25,43,35,8
week-25,male,40-44,2020,5,Week 25,69,58,11
week-25,male,45-49,2020,2,Week 25,72,92,-20
week-25,male,50-54,2020,8,Week 25,157,138,19
week-25,male,55-59,2020,13,Week 25,224,197,27
week-25,male,60-64,2020,17,Week 25,249,264,-15
week-25,male,65-69,2020,24,Week 25,408,384,24
week-25,male,70-74,2020,45,Week 25,536,542,-6
week-25,male,75-79,2020,60,Week 25,689,634,55
week-25,male,80-84,2020,85,Week 25,814,759,55
week-25,male,85-89,2020,64,Week 25,777,765,12
week-25,male,90+,2020,65,Week 25,629,631,-2
week-25,male,all-ages,2020,0,Week 25,0,0,0
week-26,female,00-04,2020,0,Week 26,22,20,2
week-26,female,05-09,2020,0,Week 26,2,1,1
week-26,female,10-14,2020,0,Week 26,2,3,-1
week-26,female,15-19,2020,0,Week 26,0,6,-6
week-26,female,20-24,2020,0,Week 26,1,5,-4
week-26,female,25-29,2020,0,Week 26,9,13,-4
week-26,female,30-34,2020,0,Week 26,8,18,-10
week-26,female,35-39,2020,0,Week 26,22,22,0
week-26,female,40-44,2020,1,Week 26,34,36,-2
week-26,female,45-49,2020,2,Week 26,54,66,-12
week-26,female,50-54,2020,4,Week 26,95,88,7
week-26,female,55-59,2020,4,Week 26,120,138,-18
week-26,female,60-64,2020,10,Week 26,174,170,4
week-26,female,65-69,2020,8,Week 26,246,274,-28
week-26,female,70-74,2020,24,Week 26,435,391,44
week-26,female,75-79,2020,34,Week 26,525,462,63
week-26,female,80-84,2020,48,Week 26,715,697,18
week-26,female,85-89,2020,50,Week 26,803,887,-84
week-26,female,90+,2020,82,Week 26,1212,1228,-16
week-26,female,all-ages,2020,0,Week 26,0,0,0
week-26,male,00-04,2020,0,Week 26,29,32,-3
week-26,male,05-09,2020,0,Week 26,2,3,-1
week-26,male,10-14,2020,0,Week 26,1,4,-3
week-26,male,15-19,2020,0,Week 26,2,8,-6
week-26,male,20-24,2020,0,Week 26,12,11,1
week-26,male,25-29,2020,0,Week 26,29,24,5
week-26,male,30-34,2020,0,Week 26,20,29,-9
week-26,male,35-39,2020,0,Week 26,26,41,-15
week-26,male,40-44,2020,2,Week 26,56,54,2
week-26,male,45-49,2020,2,Week 26,105,92,13
week-26,male,50-54,2020,8,Week 26,137,134,3
week-26,male,55-59,2020,8,Week 26,215,185,30
week-26,male,60-64,2020,17,Week 26,250,254,-4
week-26,male,65-69,2020,24,Week 26,352,395,-43
week-26,male,70-74,2020,29,Week 26,535,532,3
week-26,male,75-79,2020,46,Week 26,627,622,5
week-26,male,80-84,2020,72,Week 26,740,754,-14
week-26,male,85-89,2020,72,Week 26,743,731,12
week-26,male,90+,2020,59,Week 26,619,606,13
week-26,male,all-ages,2020,0,Week 26,0,0,0
week-27,female,00-04,2020,0,Week 27,24,25,-1
week-27,female,05-09,2020,0,Week 27,0,3,-3
week-27,female,10-14,2020,0,Week 27,1,4,-3
week-27,female,15-19,2020,0,Week 27,5,6,-1
week-27,female,20-24,2020,0,Week 27,7,8,-1
week-27,female,25-29,2020,0,Week 27,9,9,0
week-27,female,30-34,2020,1,Week 27,15,15,0
week-27,female,35-39,2020,1,Week 27,29,23,6
week-27,female,40-44,2020,2,Week 27,41,33,8
week-27,female,45-49,2020,4,Week 27,59,61,-2
week-27,female,50-54,2020,1,Week 27,84,100,-16
week-27,female,55-59,2020,2,Week 27,141,135,6
week-27,female,60-64,2020,0,Week 27,172,171,1
week-27,female,65-69,2020,10,Week 27,243,258,-15
week-27,female,70-74,2020,25,Week 27,426,380,46
week-27,female,75-79,2020,27,Week 27,524,518,6
week-27,female,80-84,2020,47,Week 27,641,714,-73
week-27,female,85-89,2020,61,Week 27,872,911,-39
week-27,female,90+,2020,69,Week 27,1209,1260,-51
week-27,female,all-ages,2020,0,Week 27,0,0,0
week-27,male,00-04,2020,0,Week 27,30,29,1
week-27,male,05-09,2020,0,Week 27,2,2,0
week-27,male,10-14,2020,0,Week 27,3,2,1
week-27,male,15-19,2020,0,Week 27,9,8,1
week-27,male,20-24,2020,0,Week 27,12,17,-5
week-27,male,25-29,2020,0,Week 27,20,26,-6
week-27,male,30-34,2020,0,Week 27,29,34,-5
week-27,male,35-39,2020,0,Week 27,33,39,-6
week-27,male,40-44,2020,2,Week 27,63,50,13
week-27,male,45-49,2020,4,Week 27,98,93,5
week-27,male,50-54,2020,7,Week 27,148,146,2
week-27,male,55-59,2020,11,Week 27,198,192,6
week-27,male,60-64,2020,12,Week 27,281,254,27
week-27,male,65-69,2020,18,Week 27,378,404,-26
week-27,male,70-74,2020,19,Week 27,554,535,19
week-27,male,75-79,2020,44,Week 27,667,635,32
week-27,male,80-84,2020,66,Week 27,798,764,34
week-27,male,85-89,2020,53,Week 27,704,754,-50
week-27,male,90+,2020,46,Week 27,611,635,-24
week-27,male,all-ages,2020,0,Week 27,0,0,0
week-28,female,00-04,2020,0,Week 28,28,26,2
week-28,female,05-09,2020,0,Week 28,1,2,-1
week-28,female,10-14,2020,0,Week 28,3,3,0
week-28,female,15-19,2020,0,Week 28,3,5,-2
week-28,female,20-24,2020,0,Week 28,7,7,0
week-28,female,25-29,2020,0,Week 28,9,8,1
week-28,female,30-34,2020,0,Week 28,19,17,2
week-28,female,35-39,2020,1,Week 28,24,22,2
week-28,female,40-44,2020,0,Week 28,29,38,-9
week-28,female,45-49,2020,0,Week 28,58,60,-2
week-28,female,50-54,2020,3,Week 28,86,87,-1
week-28,female,55-59,2020,1,Week 28,120,131,-11
week-28,female,60-64,2020,4,Week 28,157,173,-16
week-28,female,65-69,2020,10,Week 28,249,244,5
week-28,female,70-74,2020,14,Week 28,419,378,41
week-28,female,75-79,2020,18,Week 28,482,487,-5
week-28,female,80-84,2020,23,Week 28,677,688,-11
week-28,female,85-89,2020,31,Week 28,807,854,-47
week-28,female,90+,2020,59,Week 28,1102,1206,-104
week-28,female,all-ages,2020,0,Week 28,0,0,0
week-28,male,00-04,2020,0,Week 28,33,30,3
week-28,male,05-09,2020,0,Week 28,1,2,-1
week-28,male,10-14,2020,0,Week 28,2,3,-1
week-28,male,15-19,2020,0,Week 28,8,10,-2
week-28,male,20-24,2020,1,Week 28,17,16,1
week-28,male,25-29,2020,0,Week 28,20,25,-5
week-28,male,30-34,2020,0,Week 28,29,27,2
week-28,male,35-39,2020,0,Week 28,46,36,10
week-28,male,40-44,2020,2,Week 28,53,58,-5
week-28,male,45-49,2020,1,Week 28,101,91,10
week-28,male,50-54,2020,2,Week 28,138,134,4
week-28,male,55-59,2020,7,Week 28,180,186,-6
week-28,male,60-64,2020,11,Week 28,268,262,6
week-28,male,65-69,2020,12,Week 28,352,379,-27
week-28,male,70-74,2020,23,Week 28,523,517,6
week-28,male,75-79,2020,33,Week 28,619,602,17
week-28,male,80-84,2020,40,Week 28,751,747,4
week-28,male,85-89,2020,34,Week 28,668,715,-47
week-28,male,90+,2020,36,Week 28,601,605,-4
week-28,male,all-ages,2020,0,Week 28,0,0,0
week-29,female,00-04,2020,0,Week 29,20,21,-1
week-29,female,05-09,2020,0,Week 29,1,1,0
week-29,female,10-14,2020,0,Week 29,0,1,-1
week-29,female,15-19,2020,0,Week 29,3,5,-2
week-29,female,20-24,2020,0,Week 29,5,8,-3
week-29,female,25-29,2020,0,Week 29,12,9,3
week-29,female,30-34,2020,0,Week 29,22,16,6
week-29,female,35-39,2020,0,Week 29,23,23,0
week-29,female,40-44,2020,0,Week 29,35,33,2
week-29,female,45-49,2020,1,Week 29,64,61,3
week-29,female,50-54,2020,2,Week 29,100,93,7
week-29,female,55-59,2020,2,Week 29,134,124,10
week-29,female,60-64,2020,5,Week 29,188,172,16
week-29,female,65-69,2020,5,Week 29,231,259,-28
week-29,female,70-74,2020,14,Week 29,422,384,38
week-29,female,75-79,2020,13,Week 29,510,482,28
week-29,female,80-84,2020,17,Week 29,681,698,-17
week-29,female,85-89,2020,25,Week 29,836,909,-73
week-29,female,90+,2020,47,Week 29,1171,1253,-82
week-29,female,all-ages,2020,0,Week 29,0,0,0
week-29,male,00-04,2020,0,Week 29,21,34,-13
week-29,male,05-09,2020,0,Week 29,3,3,0
week-29,male,10-14,2020,0,Week 29,0,2,-2
week-29,male,15-19,2020,0,Week 29,7,8,-1
week-29,male,20-24,2020,0,Week 29,16,13,3
week-29,male,25-29,2020,0,Week 29,15,25,-10
week-29,male,30-34,2020,0,Week 29,21,28,-7
week-29,male,35-39,2020,1,Week 29,49,40,9
week-29,male,40-44,2020,2,Week 29,69,55,14
week-29,male,45-49,2020,6,Week 29,97,96,1
week-29,male,50-54,2020,3,Week 29,151,144,7
week-29,male,55-59,2020,5,Week 29,210,205,5
week-29,male,60-64,2020,4,Week 29,254,252,2
week-29,male,65-69,2020,9,Week 29,377,391,-14
week-29,male,70-74,2020,13,Week 29,516,517,-1
week-29,male,75-79,2020,25,Week 29,622,613,9
week-29,male,80-84,2020,41,Week 29,734,749,-15
week-29,male,85-89,2020,29,Week 29,639,746,-107
week-29,male,90+,2020,26,Week 29,564,627,-63
week-29,male,all-ages,2020,0,Week 29,0,0,0
week-3,female,00-04,2020,0,Week 3,34,23,11
week-3,female,00-04,2021,0,Week 3,27,23,4
week-3,female,05-09,2020,0,Week 3,1,3,-2
week-3,female,05-09,2021,0,Week 3,4,3,1
week-3,female,10-14,2020,0,Week 3,1,2,-1
week-3,female,10-14,2021,1,Week 3,3,2,1
week-3,female,15-19,2020,0,Week 3,5,6,-1
week-3,female,15-19,2021,2,Week 3,12,6,6
week-3,female,20-24,2020,0,Week 3,4,6,-2
week-3,female,20-24,2021,0,Week 3,5,6,-1
week-3,female,25-29,2020,0,Week 3,6,13,-7
week-3,female,25-29,2021,3,Week 3,16,13,3
week-3,female,30-34,2020,0,Week 3,18,18,0
week-3,female,30-34,2021,3,Week 3,30,18,12
week-3,female,35-39,2020,0,Week 3,28,29,-1
week-3,female,35-39,2021,7,Week 3,26,29,-3
week-3,female,40-44,2020,0,Week 3,46,39,7
week-3,female,40-44,2021,11,Week 3,68,39,29
week-3,female,45-49,2020,0,Week 3,83,67,16
week-3,female,45-49,2021,39,Week 3,104,67,37
week-3,female,50-54,2020,0,Week 3,106,111,-5
week-3,female,50-54,2021,58,Week 3,163,111,52
week-3,female,55-59,2020,0,Week 3,166,147,19
week-3,female,55-59,2021,107,Week 3,245,147,98
week-3,female,60-64,2020,0,Week 3,224,209,15
week-3,female,60-64,2021,141,Week 3,340,209,131
week-3,female,65-69,2020,0,Week 3,332,339,-7
week-3,female,65-69,2021,205,Week 3,477,339,138
week-3,female,70-74,2020,0,Week 3,520,488,32
week-3,female,70-74,2021,317,Week 3,749,488,261
week-3,female,75-79,2020,0,Week 3,726,693,33
week-3,female,75-79,2021,438,Week 3,945,693,252
week-3,female,80-84,2020,0,Week 3,1023,1007,16
week-3,female,80-84,2021,634,Week 3,1414,1007,407
week-3,female,85-89,2020,0,Week 3,1304,1344,-40
week-3,female,85-89,2021,849,Week 3,1862,1344,518
week-3,female,90+,2020,0,Week 3,1933,2078,-145
week-3,female,90+,2021,1176,Week 3,2646,2078,568
week-3,female,all-ages,2020,0,Week 3,0,0,0
week-3,female,all-ages,2021,0,Week 3,0,0,0
week-3,male,00-04,2020,0,Week 3,42,37,5
week-3,male,00-04,2021,0,Week 3,28,37,-9
week-3,male,05-09,2020,0,Week 3,4,3,1
week-3,male,05-09,2021,0,Week 3,1,3,-2
week-3,male,10-14,2020,0,Week 3,3,3,0
week-3,male,10-14,2021,0,Week 3,2,3,-1
week-3,male,15-19,2020,0,Week 3,5,8,-3
week-3,male,15-19,2021,0,Week 3,10,8,2
week-3,male,20-24,2020,0,Week 3,21,18,3
week-3,male,20-24,2021,2,Week 3,14,18,-4
week-3,male,25-29,2020,0,Week 3,31,23,8
week-3,male,25-29,2021,4,Week 3,19,23,-4
week-3,male,30-34,2020,0,Week 3,29,29,0
week-3,male,30-34,2021,7,Week 3,38,29,9
week-3,male,35-39,2020,0,Week 3,49,44,5
week-3,male,35-39,2021,18,Week 3,70,44,26
week-3,male,40-44,2020,0,Week 3,72,71,1
week-3,male,40-44,2021,34,Week 3,108,71,37
week-3,male,45-49,2020,0,Week 3,106,108,-2
week-3,male,45-49,2021,51,Week 3,151,108,43
week-3,male,50-54,2020,0,Week 3,200,158,42
week-3,male,50-54,2021,76,Week 3,263,158,105
week-3,male,55-59,2020,0,Week 3,295,215,80
week-3,male,55-59,2021,150,Week 3,367,215,152
week-3,male,60-64,2020,0,Week 3,338,307,31
week-3,male,60-64,2021,236,Week 3,569,307,262
week-3,male,65-69,2020,0,Week 3,471,480,-9
week-3,male,65-69,2021,316,Week 3,713,480,233
week-3,male,70-74,2020,0,Week 3,690,641,49
week-3,male,70-74,2021,489,Week 3,1028,641,387
week-3,male,75-79,2020,0,Week 3,886,815,71
week-3,male,75-79,2021,672,Week 3,1350,815,535
week-3,male,80-84,2020,0,Week 3,1080,1013,67
week-3,male,80-84,2021,791,Week 3,1615,1013,602
week-3,male,85-89,2020,0,Week 3,1117,1064,53
week-3,male,85-89,2021,835,Week 3,1656,1064,592
week-3,male,90+,2020,0,Week 3,991,971,20
week-3,male,90+,2021,750,Week 3,1538,971,567
week-3,male,all-ages,2020,0,Week 3,0,0,0
week-3,male,all-ages,2021,0,Week 3,0,0,0
week-30,female,00-04,2020,0,Week 30,20,25,-5
week-30,female,05-09,2020,0,Week 30,3,3,0
week-30,female,10-14,2020,0,Week 30,1,2,-1
week-30,female,15-19,2020,0,Week 30,2,5,-3
week-30,female,20-24,2020,0,Week 30,6,6,0
week-30,female,25-29,2020,0,Week 30,14,8,6
week-30,female,30-34,2020,1,Week 30,21,19,2
week-30,female,35-39,2020,0,Week 30,19,28,-9
week-30,female,40-44,2020,0,Week 30,43,32,11
week-30,female,45-49,2020,1,Week 30,61,63,-2
week-30,female,50-54,2020,2,Week 30,95,89,6
week-30,female,55-59,2020,3,Week 30,137,125,12
week-30,female,60-64,2020,3,Week 30,152,169,-17
week-30,female,65-69,2020,5,Week 30,255,271,-16
week-30,female,70-74,2020,19,Week 30,389,385,4
week-30,female,75-79,2020,13,Week 30,506,490,16
week-30,female,80-84,2020,12,Week 30,653,727,-74
week-30,female,85-89,2020,26,Week 30,835,891,-56
week-30,female,90+,2020,18,Week 30,1190,1242,-52
week-30,female,all-ages,2020,0,Week 30,0,0,0
week-30,male,00-04,2020,0,Week 30,32,31,1
week-30,male,05-09,2020,0,Week 30,2,3,-1
week-30,male,10-14,2020,0,Week 30,3,3,0
week-30,male,15-19,2020,0,Week 30,7,7,0
week-30,male,20-24,2020,0,Week 30,11,15,-4
week-30,male,25-29,2020,0,Week 30,12,20,-8
week-30,male,30-34,2020,0,Week 30,31,29,2
week-30,male,35-39,2020,0,Week 30,45,40,5
week-30,male,40-44,2020,2,Week 30,64,60,4
week-30,male,45-49,2020,1,Week 30,108,94,14
week-30,male,50-54,2020,7,Week 30,142,132,10
week-30,male,55-59,2020,6,Week 30,233,177,56
week-30,male,60-64,2020,4,Week 30,280,248,32
week-30,male,65-69,2020,8,Week 30,334,376,-42
week-30,male,70-74,2020,8,Week 30,539,531,8
week-30,male,75-79,2020,16,Week 30,584,640,-56
week-30,male,80-84,2020,21,Week 30,763,774,-11
week-30,male,85-89,2020,22,Week 30,693,735,-42
week-30,male,90+,2020,19,Week 30,606,607,-1
week-30,male,all-ages,2020,0,Week 30,0,0,0
week-31,female,00-04,2020,0,Week 31,22,27,-5
week-31,female,05-09,2020,1,Week 31,2,2,0
week-31,female,10-14,2020,0,Week 31,1,2,-1
week-31,female,15-19,2020,0,Week 31,4,4,0
week-31,female,20-24,2020,0,Week 31,8,8,0
week-31,female,25-29,2020,0,Week 31,10,9,1
week-31,female,30-34,2020,0,Week 31,21,14,7
week-31,female,35-39,2020,1,Week 31,23,27,-4
week-31,female,40-44,2020,0,Week 31,41,34,7
week-31,female,45-49,2020,2,Week 31,66,62,4
week-31,female,50-54,2020,0,Week 31,90,90,0
week-31,female,55-59,2020,2,Week 31,125,131,-6
week-31,female,60-64,2020,3,Week 31,167,168,-1
week-31,female,65-69,2020,7,Week 31,229,250,-21
week-31,female,70-74,2020,5,Week 31,422,364,58
week-31,female,75-79,2020,13,Week 31,520,479,41
week-31,female,80-84,2020,12,Week 31,695,668,27
week-31,female,85-89,2020,17,Week 31,751,851,-100
week-31,female,90+,2020,23,Week 31,1179,1201,-22
week-31,female,all-ages,2020,0,Week 31,0,0,0
week-31,male,00-04,2020,0,Week 31,34,29,5
week-31,male,05-09,2020,0,Week 31,3,2,1
week-31,male,10-14,2020,0,Week 31,2,2,0
week-31,male,15-19,2020,0,Week 31,8,11,-3
week-31,male,20-24,2020,0,Week 31,21,19,2
week-31,male,25-29,2020,0,Week 31,20,24,-4
week-31,male,30-34,2020,0,Week 31,25,31,-6
week-31,male,35-39,2020,0,Week 31,35,37,-2
week-31,male,40-44,2020,1,Week 31,72,54,18
week-31,male,45-49,2020,2,Week 31,109,95,14
week-31,male,50-54,2020,2,Week 31,154,136,18
week-31,male,55-59,2020,5,Week 31,246,185,61
week-31,male,60-64,2020,6,Week 31,252,253,-1
week-31,male,65-69,2020,9,Week 31,366,368,-2
week-31,male,70-74,2020,9,Week 31,561,515,46
week-31,male,75-79,2020,16,Week 31,599,593,6
week-31,male,80-84,2020,27,Week 31,745,737,8
week-31,male,85-89,2020,16,Week 31,740,704,36
week-31,male,90+,2020,14,Week 31,578,598,-20
week-31,male,all-ages,2020,0,Week 31,0,0,0
week-32,female,00-04,2020,0,Week 32,25,26,-1
week-32,female,05-09,2020,0,Week 32,3,1,2
week-32,female,10-14,2020,0,Week 32,3,3,0
week-32,female,15-19,2020,0,Week 32,2,5,-3
week-32,female,20-24,2020,0,Week 32,11,5,6
week-32,female,25-29,2020,0,Week 32,15,9,6
week-32,female,30-34,2020,0,Week 32,28,16,12
week-32,female,35-39,2020,0,Week 32,28,23,5
week-32,female,40-44,2020,0,Week 32,36,34,2
week-32,female,45-49,2020,1,Week 32,60,57,3
week-32,female,50-54,2020,1,Week 32,88,94,-6
week-32,female,55-59,2020,1,Week 32,131,130,1
week-32,female,60-64,2020,4,Week 32,189,171,18
week-32,female,65-69,2020,3,Week 32,223,269,-46
week-32,female,70-74,2020,9,Week 32,369,359,10
week-32,female,75-79,2020,9,Week 32,503,490,13
week-32,female,80-84,2020,11,Week 32,694,691,3
week-32,female,85-89,2020,16,Week 32,845,874,-29
week-32,female,90+,2020,19,Week 32,1173,1250,-77
week-32,female,all-ages,2020,0,Week 32,0,0,0
week-32,male,00-04,2020,0,Week 32,23,31,-8
week-32,male,05-09,2020,0,Week 32,2,4,-2
week-32,male,10-14,2020,0,Week 32,3,3,0
week-32,male,15-19,2020,0,Week 32,11,10,1
week-32,male,20-24,2020,0,Week 32,16,19,-3
week-32,male,25-29,2020,0,Week 32,35,19,16
week-32,male,30-34,2020,0,Week 32,43,30,13
week-32,male,35-39,2020,0,Week 32,40,42,-2
week-32,male,40-44,2020,1,Week 32,64,61,3
week-32,male,45-49,2020,0,Week 32,101,95,6
week-32,male,50-54,2020,2,Week 32,151,140,11
week-32,male,55-59,2020,4,Week 32,208,185,23
week-32,male,60-64,2020,3,Week 32,251,262,-11
week-32,male,65-69,2020,9,Week 32,352,390,-38
week-32,male,70-74,2020,6,Week 32,537,519,18
week-32,male,75-79,2020,13,Week 32,621,610,11
week-32,male,80-84,2020,14,Week 32,732,752,-20
week-32,male,85-89,2020,11,Week 32,683,732,-49
week-32,male,90+,2020,15,Week 32,646,634,12
week-32,male,all-ages,2020,0,Week 32,0,0,0
week-33,female,00-04,2020,0,Week 33,25,25,0
week-33,female,05-09,2020,0,Week 33,0,1,-1
week-33,female,10-14,2020,0,Week 33,2,1,1
week-33,female,15-19,2020,0,Week 33,3,6,-3
week-33,female,20-24,2020,0,Week 33,4,6,-2
week-33,female,25-29,2020,0,Week 33,12,9,3
week-33,female,30-34,2020,1,Week 33,20,14,6
week-33,female,35-39,2020,0,Week 33,29,24,5
week-33,female,40-44,2020,0,Week 33,45,36,9
week-33,female,45-49,2020,1,Week 33,65,58,7
week-33,female,50-54,2020,0,Week 33,95,88,7
week-33,female,55-59,2020,1,Week 33,126,130,-4
week-33,female,60-64,2020,2,Week 33,197,167,30
week-33,female,65-69,2020,7,Week 33,259,259,0
week-33,female,70-74,2020,3,Week 33,397,391,6
week-33,female,75-79,2020,7,Week 33,499,480,19
week-33,female,80-84,2020,9,Week 33,720,716,4
week-33,female,85-89,2020,13,Week 33,836,878,-42
week-33,female,90+,2020,26,Week 33,1301,1215,86
week-33,female,all-ages,2020,0,Week 33,0,0,0
week-33,male,00-04,2020,0,Week 33,30,35,-5
week-33,male,05-09,2020,0,Week 33,2,3,-1
week-33,male,10-14,2020,0,Week 33,6,3,3
week-33,male,15-19,2020,0,Week 33,9,9,0
week-33,male,20-24,2020,0,Week 33,20,15,5
week-33,male,25-29,2020,0,Week 33,20,21,-1
week-33,male,30-34,2020,0,Week 33,29,27,2
week-33,male,35-39,2020,0,Week 33,38,42,-4
week-33,male,40-44,2020,1,Week 33,60,54,6
week-33,male,45-49,2020,1,Week 33,88,96,-8
week-33,male,50-54,2020,0,Week 33,140,133,7
week-33,male,55-59,2020,0,Week 33,185,186,-1
week-33,male,60-64,2020,3,Week 33,254,251,3
week-33,male,65-69,2020,3,Week 33,387,380,7
week-33,male,70-74,2020,12,Week 33,558,525,33
week-33,male,75-79,2020,9,Week 33,683,622,61
week-33,male,80-84,2020,14,Week 33,812,758,54
week-33,male,85-89,2020,16,Week 33,751,728,23
week-33,male,90+,2020,10,Week 33,685,624,61
week-33,male,all-ages,2020,0,Week 33,0,0,0
week-34,female,00-04,2020,0,Week 34,18,21,-3
week-34,female,05-09,2020,0,Week 34,3,2,1
week-34,female,10-14,2020,0,Week 34,2,2,0
week-34,female,15-19,2020,0,Week 34,5,6,-1
week-34,female,20-24,2020,0,Week 34,6,7,-1
week-34,female,25-29,2020,0,Week 34,10,12,-2
week-34,female,30-34,2020,0,Week 34,13,14,-1
week-34,female,35-39,2020,0,Week 34,28,23,5
week-34,female,40-44,2020,1,Week 34,34,30,4
week-34,female,45-49,2020,1,Week 34,60,57,3
week-34,female,50-54,2020,2,Week 34,96,93,3
week-34,female,55-59,2020,1,Week 34,164,115,49
week-34,female,60-64,2020,1,Week 34,186,163,23
week-34,female,65-69,2020,2,Week 34,246,289,-43
week-34,female,70-74,2020,4,Week 34,426,381,45
week-34,female,75-79,2020,3,Week 34,562,484,78
week-34,female,80-84,2020,21,Week 34,731,701,30
week-34,female,85-89,2020,22,Week 34,877,907,-30
week-34,female,90+,2020,10,Week 34,1345,1206,139
week-34,female,all-ages,2020,0,Week 34,0,0,0
week-34,male,00-04,2020,0,Week 34,38,27,11
week-34,male,05-09,2020,0,Week 34,1,1,0
week-34,male,10-14,2020,0,Week 34,3,3,0
week-34,male,15-19,2020,0,Week 34,9,6,3
week-34,male,20-24,2020,0,Week 34,21,11,10
week-34,male,25-29,2020,0,Week 34,18,25,-7
week-34,male,30-34,2020,0,Week 34,29,32,-3
week-34,male,35-39,2020,0,Week 34,52,36,16
week-34,male,40-44,2020,0,Week 34,70,51,19
week-34,male,45-49,2020,1,Week 34,87,77,10
week-34,male,50-54,2020,2,Week 34,164,132,32
week-34,male,55-59,2020,6,Week 34,210,191,19
week-34,male,60-64,2020,4,Week 34,284,250,34
week-34,male,65-69,2020,5,Week 34,354,380,-26
week-34,male,70-74,2020,5,Week 34,544,517,27
week-34,male,75-79,2020,16,Week 34,713,613,100
week-34,male,80-84,2020,13,Week 34,817,750,67
week-34,male,85-89,2020,13,Week 34,751,718,33
week-34,male,90+,2020,5,Week 34,654,634,20
week-34,male,all-ages,2020,0,Week 34,0,0,0
week-35,female,00-04,2020,0,Week 35,17,27,-10
week-35,female,05-09,2020,0,Week 35,5,1,4
week-35,female,10-14,2020,0,Week 35,3,1,2
week-35,female,15-19,2020,0,Week 35,5,4,1
week-35,female,20-24,2020,0,Week 35,8,8,0
week-35,female,25-29,2020,0,Week 35,11,12,-1
week-35,female,30-34,2020,0,Week 35,12,14,-2
week-35,female,35-39,2020,1,Week 35,27,24,3
week-35,female,40-44,2020,1,Week 35,24,37,-13
week-35,female,45-49,2020,0,Week 35,52,59,-7
week-35,female,50-54,2020,0,Week 35,87,92,-5
week-35,female,55-59,2020,0,Week 35,133,126,7
week-35,female,60-64,2020,2,Week 35,189,171,18
week-35,female,65-69,2020,3,Week 35,261,256,5
week-35,female,70-74,2020,1,Week 35,394,375,19
week-35,female,75-79,2020,5,Week 35,515,497,18
week-35,female,80-84,2020,6,Week 35,739,679,60
week-35,female,85-89,2020,8,Week 35,808,876,-68
week-35,female,90+,2020,8,Week 35,1166,1204,-38
week-35,female,all-ages,2020,0,Week 35,0,0,0
week-35,male,00-04,2020,0,Week 35,26,37,-11
week-35,male,05-09,2020,0,Week 35,2,2,0
week-35,male,10-14,2020,0,Week 35,3,3,0
week-35,male,15-19,2020,0,Week 35,9,9,0
week-35,male,20-24,2020,0,Week 35,14,19,-5
week-35,male,25-29,2020,0,Week 35,24,25,-1
week-35,male,30-34,2020,0,Week 35,38,27,11
week-35,male,35-39,2020,1,Week 35,40,38,2
week-35,male,40-44,2020,1,Week 35,59,52,7
week-35,male,45-49,2020,2,Week 35,103,82,21
week-35,male,50-54,2020,3,Week 35,162,145,17
week-35,male,55-59,2020,4,Week 35,219,188,31
week-35,male,60-64,2020,3,Week 35,291,255,36
week-35,male,65-69,2020,5,Week 35,365,397,-32
week-35,male,70-74,2020,4,Week 35,554,517,37
week-35,male,75-79,2020,8,Week 35,614,593,21
week-35,male,80-84,2020,15,Week 35,728,728,0
week-35,male,85-89,2020,9,Week 35,713,743,-30
week-35,male,90+,2020,11,Week 35,612,606,6
week-35,male,all-ages,2020,0,Week 35,0,0,0
week-36,female,00-04,2020,0,Week 36,11,22,-11
week-36,female,05-09,2020,0,Week 36,2,3,-1
week-36,female,10-14,2020,0,Week 36,0,2,-2
week-36,female,15-19,2020,0,Week 36,6,4,2
week-36,female,20-24,2020,0,Week 36,3,4,-1
week-36,female,25-29,2020,0,Week 36,6,11,-5
week-36,female,30-34,2020,0,Week 36,11,15,-4
week-36,female,35-39,2020,0,Week 36,28,20,8
week-36,female,40-44,2020,0,Week 36,41,36,5
week-36,female,45-49,2020,0,Week 36,49,57,-8
week-36,female,50-54,2020,2,Week 36,87,89,-2
week-36,female,55-59,2020,1,Week 36,150,125,25
week-36,female,60-64,2020,2,Week 36,147,176,-29
week-36,female,65-69,2020,3,Week 36,223,247,-24
week-36,female,70-74,2020,2,Week 36,350,368,-18
week-36,female,75-79,2020,1,Week 36,425,507,-82
week-36,female,80-84,2020,9,Week 36,614,690,-76
week-36,female,85-89,2020,3,Week 36,691,877,-186
week-36,female,90+,2020,9,Week 36,970,1225,-255
week-36,female,all-ages,2020,0,Week 36,0,0,0
week-36,male,00-04,2020,0,Week 36,21,25,-4
week-36,male,05-09,2020,0,Week 36,0,2,-2
week-36,male,10-14,2020,0,Week 36,5,3,2
week-36,male,15-19,2020,0,Week 36,1,11,-10
week-36,male,20-24,2020,0,Week 36,18,16,2
week-36,male,25-29,2020,0,Week 36,20,22,-2
week-36,male,30-34,2020,0,Week 36,24,25,-1
week-36,male,35-39,2020,0,Week 36,38,34,4
week-36,male,40-44,2020,0,Week 36,46,55,-9
week-36,male,45-49,2020,0,Week 36,88,90,-2
week-36,male,50-54,2020,2,Week 36,134,131,3
week-36,male,55-59,2020,2,Week 36,170,180,-10
week-36,male,60-64,2020,3,Week 36,196,247,-51
week-36,male,65-69,2020,3,Week 36,308,365,-57
week-36,male,70-74,2020,3,Week 36,496,542,-46
week-36,male,75-79,2020,12,Week 36,540,614,-74
week-36,male,80-84,2020,6,Week 36,654,743,-89
week-36,male,85-89,2020,8,Week 36,598,714,-116
week-36,male,90+,2020,7,Week 36,568,613,-45
week-36,male,all-ages,2020,0,Week 36,0,0,0
week-37,female,00-04,2020,0,Week 37,24,25,-1
week-37,female,05-09,2020,0,Week 37,0,2,-2
week-37,female,10-14,2020,0,Week 37,1,2,-1
week-37,female,15-19,2020,0,Week 37,7,5,2
week-37,female,20-24,2020,0,Week 37,9,6,3
week-37,female,25-29,2020,0,Week 37,9,11,-2
week-37,female,30-34,2020,0,Week 37,20,13,7
week-37,female,35-39,2020,1,Week 37,30,24,6
week-37,female,40-44,2020,0,Week 37,28,35,-7
week-37,female,45-49,2020,1,Week 37,49,56,-7
week-37,female,50-54,2020,0,Week 37,88,100,-12
week-37,female,55-59,2020,1,Week 37,137,127,10
week-37,female,60-64,2020,2,Week 37,167,177,-10
week-37,female,65-69,2020,4,Week 37,263,269,-6
week-37,female,70-74,2020,3,Week 37,470,385,85
week-37,female,75-79,2020,6,Week 37,565,498,67
week-37,female,80-84,2020,4,Week 37,756,681,75
week-37,female,85-89,2020,15,Week 37,851,910,-59
week-37,female,90+,2020,5,Week 37,1319,1203,116
week-37,female,all-ages,2020,0,Week 37,0,0,0
week-37,male,00-04,2020,0,Week 37,21,29,-8
week-37,male,05-09,2020,0,Week 37,5,2,3
week-37,male,10-14,2020,0,Week 37,2,2,0
week-37,male,15-19,2020,0,Week 37,8,7,1
week-37,male,20-24,2020,0,Week 37,18,16,2
week-37,male,25-29,2020,0,Week 37,26,21,5
week-37,male,30-34,2020,1,Week 37,33,29,4
week-37,male,35-39,2020,1,Week 37,48,36,12
week-37,male,40-44,2020,1,Week 37,67,49,18
week-37,male,45-49,2020,1,Week 37,87,89,-2
week-37,male,50-54,2020,1,Week 37,155,131,24
week-37,male,55-59,2020,0,Week 37,240,184,56
week-37,male,60-64,2020,3,Week 37,286,259,27
week-37,male,65-69,2020,6,Week 37,408,385,23
week-37,male,70-74,2020,7,Week 37,584,537,47
week-37,male,75-79,2020,9,Week 37,647,636,11
week-37,male,80-84,2020,9,Week 37,821,752,69
week-37,male,85-89,2020,8,Week 37,806,768,38
week-37,male,90+,2020,10,Week 37,756,652,104
week-37,male,all-ages,2020,0,Week 37,0,0,0
week-38,female,00-04,2020,0,Week 38,24,23,1
week-38,female,05-09,2020,0,Week 38,1,3,-2
week-38,female,10-14,2020,0,Week 38,4,1,3
week-38,female,15-19,2020,0,Week 38,6,4,2
week-38,female,20-24,2020,0,Week 38,8,5,3
week-38,female,25-29,2020,0,Week 38,5,11,-6
week-38,female,30-34,2020,0,Week 38,19,16,3
week-38,female,35-39,2020,0,Week 38,30,19,11
week-38,female,40-44,2020,1,Week 38,38,31,7
week-38,female,45-49,2020,1,Week 38,79,60,19
week-38,female,50-54,2020,1,Week 38,91,99,-8
week-38,female,55-59,2020,0,Week 38,139,130,9
week-38,female,60-64,2020,3,Week 38,197,171,26
week-38,female,65-69,2020,1,Week 38,230,272,-42
week-38,female,70-74,2020,8,Week 38,431,387,44
week-38,female,75-79,2020,4,Week 38,539,505,34
week-38,female,80-84,2020,9,Week 38,698,723,-25
week-38,female,85-89,2020,16,Week 38,850,900,-50
week-38,female,90+,2020,19,Week 38,1296,1256,40
week-38,female,all-ages,2020,0,Week 38,0,0,0
week-38,male,00-04,2020,0,Week 38,16,26,-10
week-38,male,05-09,2020,0,Week 38,3,3,0
week-38,male,10-14,2020,0,Week 38,3,2,1
week-38,male,15-19,2020,0,Week 38,9,6,3
week-38,male,20-24,2020,0,Week 38,27,16,11
week-38,male,25-29,2020,0,Week 38,16,21,-5
week-38,male,30-34,2020,2,Week 38,36,27,9
week-38,male,35-39,2020,1,Week 38,55,42,13
week-38,male,40-44,2020,0,Week 38,68,55,13
week-38,male,45-49,2020,0,Week 38,107,88,19
week-38,male,50-54,2020,1,Week 38,152,142,10
week-38,male,55-59,2020,3,Week 38,208,194,14
week-38,male,60-64,2020,4,Week 38,258,248,10
week-38,male,65-69,2020,5,Week 38,373,383,-10
week-38,male,70-74,2020,8,Week 38,576,529,47
week-38,male,75-79,2020,17,Week 38,677,607,70
week-38,male,80-84,2020,12,Week 38,830,774,56
week-38,male,85-89,2020,16,Week 38,758,763,-5
week-38,male,90+,2020,7,Week 38,665,646,19
week-38,male,all-ages,2020,0,Week 38,0,0,0
week-39,female,00-04,2020,0,Week 39,27,28,-1
week-39,female,05-09,2020,0,Week 39,1,2,-1
week-39,female,10-14,2020,0,Week 39,6,2,4
week-39,female,15-19,2020,0,Week 39,5,4,1
week-39,female,20-24,2020,0,Week 39,7,7,0
week-39,female,25-29,2020,0,Week 39,12,9,3
week-39,female,30-34,2020,0,Week 39,22,15,7
week-39,female,35-39,2020,1,Week 39,22,25,-3
week-39,female,40-44,2020,0,Week 39,40,36,4
week-39,female,45-49,2020,1,Week 39,63,58,5
week-39,female,50-54,2020,2,Week 39,86,100,-14
week-39,female,55-59,2020,3,Week 39,131,132,-1
week-39,female,60-64,2020,3,Week 39,209,179,30
week-39,female,65-69,2020,5,Week 39,255,262,-7
week-39,female,70-74,2020,4,Week 39,387,408,-21
week-39,female,75-79,2020,15,Week 39,545,513,32
week-39,female,80-84,2020,11,Week 39,730,747,-17
week-39,female,85-89,2020,15,Week 39,905,927,-22
week-39,female,90+,2020,24,Week 39,1264,1307,-43
week-39,female,all-ages,2020,0,Week 39,0,0,0
week-39,male,00-04,2020,0,Week 39,25,34,-9
week-39,male,05-09,2020,0,Week 39,2,2,0
week-39,male,10-14,2020,0,Week 39,1,3,-2
week-39,male,15-19,2020,0,Week 39,8,7,1
week-39,male,20-24,2020,0,Week 39,18,14,4
week-39,male,25-29,2020,0,Week 39,24,19,5
week-39,male,30-34,2020,0,Week 39,32,26,6
week-39,male,35-39,2020,0,Week 39,40,42,-2
week-39,male,40-44,2020,2,Week 39,84,52,32
week-39,male,45-49,2020,0,Week 39,88,88,0
week-39,male,50-54,2020,5,Week 39,147,134,13
week-39,male,55-59,2020,4,Week 39,223,188,35
week-39,male,60-64,2020,8,Week 39,306,252,54
week-39,male,65-69,2020,8,Week 39,364,389,-25
week-39,male,70-74,2020,16,Week 39,616,539,77
week-39,male,75-79,2020,12,Week 39,680,642,38
week-39,male,80-84,2020,29,Week 39,820,790,30
week-39,male,85-89,2020,23,Week 39,786,775,11
week-39,male,90+,2020,24,Week 39,653,668,-15
week-39,male,all-ages,2020,0,Week 39,0,0,0
week-4,female,00-04,2020,0,Week 4,28,29,-1
week-4,female,00-04,2021,0,Week 4,26,29,-3
week-4,female,05-09,2020,0,Week 4,0,2,-2
week-4,female,05-09,2021,0,Week 4,3,2,1
week-4,female,10-14,2020,0,Week 4,4,2,2
week-4,female,10-14,2021,0,Week 4,2,2,0
week-4,female,15-19,2020,0,Week 4,1,3,-2
week-4,female,15-19,2021,0,Week 4,8,3,5
week-4,female,20-24,2020,0,Week 4,7,7,0
week-4,female,20-24,2021,0,Week 4,8,7,1
week-4,female,25-29,2020,0,Week 4,5,11,-6
week-4,female,25-29,2021,3,Week 4,21,11,10
week-4,female,30-34,2020,0,Week 4,16,16,0
week-4,female,30-34,2021,7,Week 4,22,16,6
week-4,female,35-39,2020,0,Week 4,34,23,11
week-4,female,35-39,2021,10,Week 4,39,23,16
week-4,female,40-44,2020,0,Week 4,37,35,2
week-4,female,40-44,2021,15,Week 4,52,35,17
week-4,female,45-49,2020,0,Week 4,70,70,0
week-4,female,45-49,2021,26,Week 4,86,70,16
week-4,female,50-54,2020,0,Week 4,99,100,-1
week-4,female,50-54,2021,69,Week 4,167,100,67
week-4,female,55-59,2020,0,Week 4,166,146,20
week-4,female,55-59,2021,94,Week 4,231,146,85
week-4,female,60-64,2020,0,Week 4,201,210,-9
week-4,female,60-64,2021,135,Week 4,328,210,118
week-4,female,65-69,2020,0,Week 4,309,326,-17
week-4,female,65-69,2021,193,Week 4,414,326,88
week-4,female,70-74,2020,0,Week 4,504,467,37
week-4,female,70-74,2021,327,Week 4,732,467,265
week-4,female,75-79,2020,0,Week 4,655,629,26
week-4,female,75-79,2021,419,Week 4,982,629,353
week-4,female,80-84,2020,0,Week 4,912,984,-72
week-4,female,80-84,2021,688,Week 4,1502,984,518
week-4,female,85-89,2020,0,Week 4,1174,1310,-136
week-4,female,85-89,2021,847,Week 4,1795,1310,485
week-4,female,90+,2020,0,Week 4,1716,1937,-221
week-4,female,90+,2021,1245,Week 4,2703,1937,766
week-4,female,all-ages,2020,0,Week 4,0,0,0
week-4,female,all-ages,2021,0,Week 4,0,0,0
week-4,male,00-04,2020,0,Week 4,34,33,1
week-4,male,00-04,2021,0,Week 4,42,33,9
week-4,male,05-09,2020,0,Week 4,4,3,1
week-4,male,05-09,2021,0,Week 4,5,3,2
week-4,male,10-14,2020,0,Week 4,4,3,1
week-4,male,10-14,2021,0,Week 4,0,3,-3
week-4,male,15-19,2020,0,Week 4,14,10,4
week-4,male,15-19,2021,0,Week 4,10,10,0
week-4,male,20-24,2020,0,Week 4,23,20,3
week-4,male,20-24,2021,1,Week 4,17,20,-3
week-4,male,25-29,2020,0,Week 4,31,21,10
week-4,male,25-29,2021,1,Week 4,30,21,9
week-4,male,30-34,2020,0,Week 4,22,30,-8
week-4,male,30-34,2021,12,Week 4,36,30,6
week-4,male,35-39,2020,0,Week 4,45,48,-3
week-4,male,35-39,2021,21,Week 4,67,48,19
week-4,male,40-44,2020,0,Week 4,79,65,14
week-4,male,40-44,2021,27,Week 4,90,65,25
week-4,male,45-49,2020,0,Week 4,90,107,-17
week-4,male,45-49,2021,56,Week 4,155,107,48
week-4,male,50-54,2020,0,Week 4,181,161,20
week-4,male,50-54,2021,102,Week 4,278,161,117
week-4,male,55-59,2020,0,Week 4,215,216,-1
week-4,male,55-59,2021,167,Week 4,363,216,147
week-4,male,60-64,2020,0,Week 4,334,296,38
week-4,male,60-64,2021,243,Week 4,535,296,239
week-4,male,65-69,2020,0,Week 4,482,448,34
week-4,male,65-69,2021,296,Week 4,677,448,229
week-4,male,70-74,2020,0,Week 4,663,644,19
week-4,male,70-74,2021,493,Week 4,1111,644,467
week-4,male,75-79,2020,0,Week 4,819,800,19
week-4,male,75-79,2021,612,Week 4,1231,800,431
week-4,male,80-84,2020,0,Week 4,951,1004,-53
week-4,male,80-84,2021,780,Week 4,1555,1004,551
week-4,male,85-89,2020,0,Week 4,1014,1036,-22
week-4,male,85-89,2021,784,Week 4,1562,1036,526
week-4,male,90+,2020,0,Week 4,910,935,-25
week-4,male,90+,2021,760,Week 4,1563,935,628
week-4,male,all-ages,2020,0,Week 4,0,0,0
week-4,male,all-ages,2021,0,Week 4,0,0,0
week-40,female,00-04,2020,0,Week 40,20,27,-7
week-40,female,05-09,2020,0,Week 40,0,3,-3
week-40,female,10-14,2020,0,Week 40,4,2,2
week-40,female,15-19,2020,0,Week 40,3,6,-3
week-40,female,20-24,2020,0,Week 40,7,6,1
week-40,female,25-29,2020,0,Week 40,12,8,4
week-40,female,30-34,2020,0,Week 40,18,16,2
week-40,female,35-39,2020,0,Week 40,29,20,9
week-40,female,40-44,2020,0,Week 40,35,40,-5
week-40,female,45-49,2020,2,Week 40,76,59,17
week-40,female,50-54,2020,1,Week 40,100,86,14
week-40,female,55-59,2020,5,Week 40,140,132,8
week-40,female,60-64,2020,7,Week 40,203,172,31
week-40,female,65-69,2020,10,Week 40,249,279,-30
week-40,female,70-74,2020,14,Week 40,432,400,32
week-40,female,75-79,2020,15,Week 40,552,506,46
week-40,female,80-84,2020,30,Week 40,775,741,34
week-40,female,85-89,2020,22,Week 40,897,933,-36
week-40,female,90+,2020,30,Week 40,1312,1316,-4
week-40,female,all-ages,2020,0,Week 40,0,0,0
week-40,male,00-04,2020,0,Week 40,30,31,-1
week-40,male,05-09,2020,0,Week 40,3,3,0
week-40,male,10-14,2020,0,Week 40,6,2,4
week-40,male,15-19,2020,0,Week 40,9,12,-3
week-40,male,20-24,2020,0,Week 40,14,18,-4
week-40,male,25-29,2020,0,Week 40,19,24,-5
week-40,male,30-34,2020,0,Week 40,30,31,-1
week-40,male,35-39,2020,1,Week 40,42,35,7
week-40,male,40-44,2020,2,Week 40,61,58,3
week-40,male,45-49,2020,2,Week 40,111,88,23
week-40,male,50-54,2020,1,Week 40,138,142,-4
week-40,male,55-59,2020,5,Week 40,209,187,22
week-40,male,60-64,2020,4,Week 40,280,245,35
week-40,male,65-69,2020,12,Week 40,409,399,10
week-40,male,70-74,2020,25,Week 40,615,557,58
week-40,male,75-79,2020,33,Week 40,739,672,67
week-40,male,80-84,2020,32,Week 40,856,789,67
week-40,male,85-89,2020,35,Week 40,790,779,11
week-40,male,90+,2020,33,Week 40,720,681,39
week-40,male,all-ages,2020,0,Week 40,0,0,0
week-41,female,00-04,2020,0,Week 41,19,29,-10
week-41,female,05-09,2020,0,Week 41,0,1,-1
week-41,female,10-14,2020,0,Week 41,3,3,0
week-41,female,15-19,2020,0,Week 41,5,5,0
week-41,female,20-24,2020,0,Week 41,7,6,1
week-41,female,25-29,2020,0,Week 41,7,10,-3
week-41,female,30-34,2020,0,Week 41,21,13,8
week-41,female,35-39,2020,0,Week 41,23,21,2
week-41,female,40-44,2020,1,Week 41,35,37,-2
week-41,female,45-49,2020,2,Week 41,61,58,3
week-41,female,50-54,2020,3,Week 41,99,92,7
week-41,female,55-59,2020,3,Week 41,141,135,6
week-41,female,60-64,2020,3,Week 41,199,174,25
week-41,female,65-69,2020,11,Week 41,245,276,-31
week-41,female,70-74,2020,15,Week 41,468,398,70
week-41,female,75-79,2020,23,Week 41,524,532,-8
week-41,female,80-84,2020,38,Week 41,710,787,-77
week-41,female,85-89,2020,37,Week 41,935,982,-47
week-41,female,90+,2020,45,Week 41,1347,1385,-38
week-41,female,all-ages,2020,0,Week 41,0,0,0
week-41,male,00-04,2020,0,Week 41,32,31,1
week-41,male,05-09,2020,0,Week 41,5,2,3
week-41,male,10-14,2020,0,Week 41,3,4,-1
week-41,male,15-19,2020,0,Week 41,7,10,-3
week-41,male,20-24,2020,0,Week 41,24,19,5
week-41,male,25-29,2020,1,Week 41,24,19,5
week-41,male,30-34,2020,2,Week 41,32,25,7
week-41,male,35-39,2020,0,Week 41,46,41,5
week-41,male,40-44,2020,1,Week 41,61,55,6
week-41,male,45-49,2020,3,Week 41,94,92,2
week-41,male,50-54,2020,4,Week 41,162,142,20
week-41,male,55-59,2020,8,Week 41,210,197,13
week-41,male,60-64,2020,15,Week 41,265,261,4
week-41,male,65-69,2020,23,Week 41,378,390,-12
week-41,male,70-74,2020,33,Week 41,573,565,8
week-41,male,75-79,2020,47,Week 41,720,665,55
week-41,male,80-84,2020,55,Week 41,880,816,64
week-41,male,85-89,2020,43,Week 41,847,814,33
week-41,male,90+,2020,22,Week 41,742,699,43
week-41,male,all-ages,2020,0,Week 41,0,0,0
week-42,female,00-04,2020,0,Week 42,22,23,-1
week-42,female,05-09,2020,0,Week 42,1,3,-2
week-42,female,10-14,2020,0,Week 42,0,2,-2
week-42,female,15-19,2020,0,Week 42,7,4,3
week-42,female,20-24,2020,0,Week 42,3,8,-5
week-42,female,25-29,2020,0,Week 42,10,9,1
week-42,female,30-34,2020,1,Week 42,23,15,8
week-42,female,35-39,2020,1,Week 42,26,23,3
week-42,female,40-44,2020,3,Week 42,36,39,-3
week-42,female,45-49,2020,0,Week 42,56,54,2
week-42,female,50-54,2020,3,Week 42,124,94,30
week-42,female,55-59,2020,3,Week 42,137,127,10
week-42,female,60-64,2020,10,Week 42,225,186,39
week-42,female,65-69,2020,14,Week 42,261,267,-6
week-42,female,70-74,2020,24,Week 42,487,409,78
week-42,female,75-79,2020,41,Week 42,625,529,96
week-42,female,80-84,2020,57,Week 42,788,763,25
week-42,female,85-89,2020,52,Week 42,983,989,-6
week-42,female,90+,2020,73,Week 42,1452,1411,41
week-42,female,all-ages,2020,0,Week 42,0,0,0
week-42,male,00-04,2020,0,Week 42,25,32,-7
week-42,male,05-09,2020,0,Week 42,3,2,1
week-42,male,10-14,2020,0,Week 42,3,4,-1
week-42,male,15-19,2020,0,Week 42,8,10,-2
week-42,male,20-24,2020,1,Week 42,14,17,-3
week-42,male,25-29,2020,0,Week 42,18,22,-4
week-42,male,30-34,2020,1,Week 42,44,23,21
week-42,male,35-39,2020,0,Week 42,47,39,8
week-42,male,40-44,2020,2,Week 42,60,57,3
week-42,male,45-49,2020,3,Week 42,109,93,16
week-42,male,50-54,2020,6,Week 42,143,137,6
week-42,male,55-59,2020,9,Week 42,227,180,47
week-42,male,60-64,2020,14,Week 42,310,265,45
week-42,male,65-69,2020,25,Week 42,364,397,-33
week-42,male,70-74,2020,50,Week 42,610,543,67
week-42,male,75-79,2020,67,Week 42,783,666,117
week-42,male,80-84,2020,82,Week 42,826,844,-18
week-42,male,85-89,2020,69,Week 42,913,814,99
week-42,male,90+,2020,59,Week 42,761,716,45
week-42,male,all-ages,2020,0,Week 42,0,0,0
week-43,female,00-04,2020,0,Week 43,12,27,-15
week-43,female,05-09,2020,0,Week 43,2,3,-1
week-43,female,10-14,2020,0,Week 43,4,2,2
week-43,female,15-19,2020,0,Week 43,8,3,5
week-43,female,20-24,2020,0,Week 43,7,6,1
week-43,female,25-29,2020,0,Week 43,12,9,3
week-43,female,30-34,2020,1,Week 43,15,14,1
week-43,female,35-39,2020,1,Week 43,30,23,7
week-43,female,40-44,2020,1,Week 43,51,32,19
week-43,female,45-49,2020,3,Week 43,64,62,2
week-43,female,50-54,2020,4,Week 43,108,99,9
week-43,female,55-59,2020,9,Week 43,150,131,19
week-43,female,60-64,2020,13,Week 43,196,183,13
week-43,female,65-69,2020,21,Week 43,310,280,30
week-43,female,70-74,2020,38,Week 43,480,403,77
week-43,female,75-79,2020,58,Week 43,624,533,91
week-43,female,80-84,2020,77,Week 43,842,793,49
week-43,female,85-89,2020,78,Week 43,993,998,-5
week-43,female,90+,2020,107,Week 43,1421,1339,82
week-43,female,all-ages,2020,0,Week 43,0,0,0
week-43,male,00-04,2020,0,Week 43,24,34,-10
week-43,male,05-09,2020,0,Week 43,5,3,2
week-43,male,10-14,2020,0,Week 43,1,3,-2
week-43,male,15-19,2020,0,Week 43,6,9,-3
week-43,male,20-24,2020,0,Week 43,15,15,0
week-43,male,25-29,2020,0,Week 43,21,21,0
week-43,male,30-34,2020,2,Week 43,36,25,11
week-43,male,35-39,2020,2,Week 43,56,37,19
week-43,male,40-44,2020,2,Week 43,70,55,15
week-43,male,45-49,2020,7,Week 43,110,88,22
week-43,male,50-54,2020,6,Week 43,152,141,11
week-43,male,55-59,2020,17,Week 43,251,194,57
week-43,male,60-64,2020,28,Week 43,299,266,33
week-43,male,65-69,2020,41,Week 43,370,398,-28
week-43,male,70-74,2020,72,Week 43,676,553,123
week-43,male,75-79,2020,99,Week 43,752,655,97
week-43,male,80-84,2020,110,Week 43,904,808,96
week-43,male,85-89,2020,110,Week 43,885,822,63
week-43,male,90+,2020,71,Week 43,777,715,62
week-43,male,all-ages,2020,0,Week 43,0,0,0
week-44,female,00-04,2020,0,Week 44,17,27,-10
week-44,female,05-09,2020,0,Week 44,0,2,-2
week-44,female,10-14,2020,0,Week 44,2,2,0
week-44,female,15-19,2020,0,Week 44,5,3,2
week-44,female,20-24,2020,0,Week 44,3,7,-4
week-44,female,25-29,2020,0,Week 44,9,6,3
week-44,female,30-34,2020,1,Week 44,19,17,2
week-44,female,35-39,2020,3,Week 44,36,27,9
week-44,female,40-44,2020,3,Week 44,35,33,2
week-44,female,45-49,2020,2,Week 44,62,61,1
week-44,female,50-54,2020,7,Week 44,93,97,-4
week-44,female,55-59,2020,11,Week 44,161,146,15
week-44,female,60-64,2020,12,Week 44,212,182,30
week-44,female,65-69,2020,34,Week 44,295,281,14
week-44,female,70-74,2020,41,Week 44,455,402,53
week-44,female,75-79,2020,80,Week 44,637,537,100
week-44,female,80-84,2020,118,Week 44,865,780,85
week-44,female,85-89,2020,129,Week 44,1009,1035,-26
week-44,female,90+,2020,149,Week 44,1409,1444,-35
week-44,female,all-ages,2020,0,Week 44,0,0,0
week-44,male,00-04,2020,0,Week 44,20,32,-12
week-44,male,05-09,2020,0,Week 44,2,3,-1
week-44,male,10-14,2020,0,Week 44,3,4,-1
week-44,male,15-19,2020,0,Week 44,10,10,0
week-44,male,20-24,2020,0,Week 44,20,13,7
week-44,male,25-29,2020,1,Week 44,30,21,9
week-44,male,30-34,2020,0,Week 44,29,27,2
week-44,male,35-39,2020,1,Week 44,60,37,23
week-44,male,40-44,2020,3,Week 44,67,57,10
week-44,male,45-49,2020,7,Week 44,98,90,8
week-44,male,50-54,2020,14,Week 44,178,142,36
week-44,male,55-59,2020,20,Week 44,250,188,62
week-44,male,60-64,2020,34,Week 44,301,270,31
week-44,male,65-69,2020,65,Week 44,414,412,2
week-44,male,70-74,2020,97,Week 44,681,578,103
week-44,male,75-79,2020,144,Week 44,767,681,86
week-44,male,80-84,2020,141,Week 44,893,844,49
week-44,male,85-89,2020,152,Week 44,927,827,100
week-44,male,90+,2020,110,Week 44,813,724,89
week-44,male,all-ages,2020,0,Week 44,0,0,0
week-45,female,00-04,2020,0,Week 45,18,27,-9
week-45,female,05-09,2020,0,Week 45,2,3,-1
week-45,female,10-14,2020,0,Week 45,2,3,-1
week-45,female,15-19,2020,0,Week 45,5,6,-1
week-45,female,20-24,2020,0,Week 45,5,5,0
week-45,female,25-29,2020,1,Week 45,13,8,5
week-45,female,30-34,2020,0,Week 45,18,15,3
week-45,female,35-39,2020,0,Week 45,29,24,5
week-45,female,40-44,2020,2,Week 45,50,33,17
week-45,female,45-49,2020,8,Week 45,67,63,4
week-45,female,50-54,2020,18,Week 45,105,102,3
week-45,female,55-59,2020,19,Week 45,162,141,21
week-45,female,60-64,2020,24,Week 45,207,190,17
week-45,female,65-69,2020,34,Week 45,302,272,30
week-45,female,70-74,2020,77,Week 45,513,413,100
week-45,female,75-79,2020,115,Week 45,674,550,124
week-45,female,80-84,2020,166,Week 45,913,810,103
week-45,female,85-89,2020,160,Week 45,1082,1018,64
week-45,female,90+,2020,225,Week 45,1624,1460,164
week-45,female,all-ages,2020,0,Week 45,0,0,0
week-45,male,00-04,2020,0,Week 45,31,30,1
week-45,male,05-09,2020,0,Week 45,0,3,-3
week-45,male,10-14,2020,0,Week 45,2,2,0
week-45,male,15-19,2020,0,Week 45,7,10,-3
week-45,male,20-24,2020,1,Week 45,15,14,1
week-45,male,25-29,2020,2,Week 45,22,17,5
week-45,male,30-34,2020,0,Week 45,29,26,3
week-45,male,35-39,2020,1,Week 45,56,38,18
week-45,male,40-44,2020,3,Week 45,77,54,23
week-45,male,45-49,2020,10,Week 45,88,87,1
week-45,male,50-54,2020,13,Week 45,162,135,27
week-45,male,55-59,2020,28,Week 45,240,194,46
week-45,male,60-64,2020,57,Week 45,353,277,76
week-45,male,65-69,2020,73,Week 45,439,420,19
week-45,male,70-74,2020,117,Week 45,717,582,135
week-45,male,75-79,2020,170,Week 45,845,680,165
week-45,male,80-84,2020,255,Week 45,1070,853,217
week-45,male,85-89,2020,198,Week 45,979,847,132
week-45,male,90+,2020,160,Week 45,889,750,139
week-45,male,all-ages,2020,0,Week 45,0,0,0
week-46,female,00-04,2020,0,Week 46,30,26,4
week-46,female,05-09,2020,0,Week 46,1,4,-3
week-46,female,10-14,2020,0,Week 46,1,3,-2
week-46,female,15-19,2020,0,Week 46,3,6,-3
week-46,female,20-24,2020,2,Week 46,8,6,2
week-46,female,25-29,2020,1,Week 46,10,8,2
week-46,female,30-34,2020,2,Week 46,19,14,5
week-46,female,35-39,2020,2,Week 46,33,24,9
week-46,female,40-44,2020,6,Week 46,47,30,17
week-46,female,45-49,2020,8,Week 46,63,65,-2
week-46,female,50-54,2020,12,Week 46,129,102,27
week-46,female,55-59,2020,22,Week 46,155,141,14
week-46,female,60-64,2020,40,Week 46,243,191,52
week-46,female,65-69,2020,54,Week 46,301,276,25
week-46,female,70-74,2020,91,Week 46,480,403,77
week-46,female,75-79,2020,125,Week 46,653,551,102
week-46,female,80-84,2020,194,Week 46,948,788,160
week-46,female,85-89,2020,271,Week 46,1183,1038,145
week-46,female,90+,2020,283,Week 46,1608,1461,147
week-46,female,all-ages,2020,0,Week 46,0,0,0
week-46,male,00-04,2020,0,Week 46,23,32,-9
week-46,male,05-09,2020,0,Week 46,6,3,3
week-46,male,10-14,2020,0,Week 46,2,4,-2
week-46,male,15-19,2020,0,Week 46,4,7,-3
week-46,male,20-24,2020,0,Week 46,16,17,-1
week-46,male,25-29,2020,0,Week 46,31,23,8
week-46,male,30-34,2020,1,Week 46,45,29,16
week-46,male,35-39,2020,1,Week 46,43,36,7
week-46,male,40-44,2020,6,Week 46,60,54,6
week-46,male,45-49,2020,8,Week 46,110,95,15
week-46,male,50-54,2020,21,Week 46,173,139,34
week-46,male,55-59,2020,39,Week 46,277,201,76
week-46,male,60-64,2020,63,Week 46,340,271,69
week-46,male,65-69,2020,95,Week 46,438,402,36
week-46,male,70-74,2020,175,Week 46,797,569,228
week-46,male,75-79,2020,218,Week 46,917,699,218
week-46,male,80-84,2020,279,Week 46,1134,854,280
week-46,male,85-89,2020,255,Week 46,1041,855,186
week-46,male,90+,2020,192,Week 46,882,757,125
week-46,male,all-ages,2020,0,Week 46,0,0,0
week-47,female,00-04,2020,0,Week 47,25,22,3
week-47,female,05-09,2020,0,Week 47,1,2,-1
week-47,female,10-14,2020,0,Week 47,1,1,0
week-47,female,15-19,2020,0,Week 47,5,6,-1
week-47,female,20-24,2020,0,Week 47,3,5,-2
week-47,female,25-29,2020,1,Week 47,15,10,5
week-47,female,30-34,2020,1,Week 47,16,14,2
week-47,female,35-39,2020,3,Week 47,31,26,5
week-47,female,40-44,2020,5,Week 47,57,36,21
week-47,female,45-49,2020,7,Week 47,69,67,2
week-47,female,50-54,2020,10,Week 47,118,101,17
week-47,female,55-59,2020,23,Week 47,158,130,28
week-47,female,60-64,2020,29,Week 47,216,193,23
week-47,female,65-69,2020,43,Week 47,290,293,-3
week-47,female,70-74,2020,98,Week 47,497,442,55
week-47,female,75-79,2020,152,Week 47,722,554,168
week-47,female,80-84,2020,221,Week 47,967,810,157
week-47,female,85-89,2020,240,Week 47,1139,1001,138
week-47,female,90+,2020,319,Week 47,1680,1466,214
week-47,female,all-ages,2020,0,Week 47,0,0,0
week-47,male,00-04,2020,0,Week 47,40,35,5
week-47,male,05-09,2020,0,Week 47,5,2,3
week-47,male,10-14,2020,0,Week 47,3,4,-1
week-47,male,15-19,2020,0,Week 47,12,11,1
week-47,male,20-24,2020,1,Week 47,14,16,-2
week-47,male,25-29,2020,0,Week 47,24,18,6
week-47,male,30-34,2020,2,Week 47,34,28,6
week-47,male,35-39,2020,4,Week 47,52,36,16
week-47,male,40-44,2020,3,Week 47,61,56,5
week-47,male,45-49,2020,13,Week 47,110,94,16
week-47,male,50-54,2020,24,Week 47,203,135,68
week-47,male,55-59,2020,35,Week 47,254,204,50
week-47,male,60-64,2020,68,Week 47,372,273,99
week-47,male,65-69,2020,120,Week 47,498,407,91
week-47,male,70-74,2020,175,Week 47,738,576,162
week-47,male,75-79,2020,263,Week 47,956,699,257
week-47,male,80-84,2020,318,Week 47,1140,865,275
week-47,male,85-89,2020,284,Week 47,1044,870,174
week-47,male,90+,2020,235,Week 47,965,737,228
week-47,male,all-ages,2020,0,Week 47,0,0,0
week-48,female,00-04,2020,0,Week 48,23,25,-2
week-48,female,05-09,2020,0,Week 48,2,3,-1
week-48,female,10-14,2020,0,Week 48,1,2,-1
week-48,female,15-19,2020,0,Week 48,5,3,2
week-48,female,20-24,2020,1,Week 48,6,7,-1
week-48,female,25-29,2020,1,Week 48,11,10,1
week-48,female,30-34,2020,3,Week 48,19,15,4
week-48,female,35-39,2020,3,Week 48,35,26,9
week-48,female,40-44,2020,4,Week 48,47,39,8
week-48,female,45-49,2020,6,Week 48,71,67,4
week-48,female,50-54,2020,15,Week 48,137,98,39
week-48,female,55-59,2020,29,Week 48,167,134,33
week-48,female,60-64,2020,36,Week 48,228,188,40
week-48,female,65-69,2020,45,Week 48,289,290,-1
week-48,female,70-74,2020,107,Week 48,480,415,65
week-48,female,75-79,2020,166,Week 48,662,578,84
week-48,female,80-84,2020,242,Week 48,933,819,114
week-48,female,85-89,2020,287,Week 48,1188,1059,129
week-48,female,90+,2020,394,Week 48,1702,1521,181
week-48,female,all-ages,2020,0,Week 48,0,0,0
week-48,male,00-04,2020,0,Week 48,28,34,-6
week-48,male,05-09,2020,0,Week 48,3,1,2
week-48,male,10-14,2020,1,Week 48,4,3,1
week-48,male,15-19,2020,1,Week 48,13,8,5
week-48,male,20-24,2020,1,Week 48,27,18,9
week-48,male,25-29,2020,0,Week 48,30,22,8
week-48,male,30-34,2020,3,Week 48,39,23,16
week-48,male,35-39,2020,3,Week 48,64,40,24
week-48,male,40-44,2020,3,Week 48,54,53,1
week-48,male,45-49,2020,16,Week 48,136,92,44
week-48,male,50-54,2020,23,Week 48,191,162,29
week-48,male,55-59,2020,47,Week 48,249,198,51
week-48,male,60-64,2020,67,Week 48,374,272,102
week-48,male,65-69,2020,113,Week 48,468,409,59
week-48,male,70-74,2020,199,Week 48,762,559,203
week-48,male,75-79,2020,283,Week 48,900,688,212
week-48,male,80-84,2020,327,Week 48,1066,904,162
week-48,male,85-89,2020,352,Week 48,1101,872,229
week-48,male,90+,2020,262,Week 48,941,758,183
week-48,male,all-ages,2020,0,Week 48,0,0,0
week-49,female,00-04,2020,0,Week 49,21,24,-3
week-49,female,05-09,2020,0,Week 49,1,2,-1
week-49,female,10-14,2020,0,Week 49,4,2,2
week-49,female,15-19,2020,0,Week 49,6,4,2
week-49,female,20-24,2020,1,Week 49,13,6,7
week-49,female,25-29,2020,1,Week 49,11,9,2
week-49,female,30-34,2020,1,Week 49,20,16,4
week-49,female,35-39,2020,2,Week 49,28,23,5
week-49,female,40-44,2020,7,Week 49,42,37,5
week-49,female,45-49,2020,6,Week 49,83,66,17
week-49,female,50-54,2020,15,Week 49,115,101,14
week-49,female,55-59,2020,24,Week 49,177,145,32
week-49,female,60-64,2020,35,Week 49,216,197,19
week-49,female,65-69,2020,71,Week 49,327,290,37
week-49,female,70-74,2020,99,Week 49,521,451,70
week-49,female,75-79,2020,180,Week 49,661,614,47
week-49,female,80-84,2020,217,Week 49,913,844,69
week-49,female,85-89,2020,274,Week 49,1164,1090,74
week-49,female,90+,2020,346,Week 49,1667,1601,66
week-49,female,all-ages,2020,0,Week 49,0,0,0
week-49,male,00-04,2020,0,Week 49,33,30,3
week-49,male,05-09,2020,0,Week 49,2,4,-2
week-49,male,10-14,2020,0,Week 49,4,4,0
week-49,male,15-19,2020,0,Week 49,9,8,1
week-49,male,20-24,2020,0,Week 49,14,15,-1
week-49,male,25-29,2020,2,Week 49,31,22,9
week-49,male,30-34,2020,2,Week 49,30,31,-1
week-49,male,35-39,2020,7,Week 49,60,38,22
week-49,male,40-44,2020,5,Week 49,75,53,22
week-49,male,45-49,2020,15,Week 49,117,92,25
week-49,male,50-54,2020,26,Week 49,178,155,23
week-49,male,55-59,2020,38,Week 49,291,201,90
week-49,male,60-64,2020,70,Week 49,352,282,70
week-49,male,65-69,2020,99,Week 49,465,421,44
week-49,male,70-74,2020,189,Week 49,715,584,131
week-49,male,75-79,2020,234,Week 49,867,734,133
week-49,male,80-84,2020,292,Week 49,1062,909,153
week-49,male,85-89,2020,324,Week 49,1073,905,168
week-49,male,90+,2020,253,Week 49,935,789,146
week-49,male,all-ages,2020,0,Week 49,0,0,0
week-5,female,00-04,2020,0,Week 5,30,26,4
week-5,female,00-04,2021,0,Week 5,12,26,-14
week-5,female,05-09,2020,0,Week 5,1,3,-2
week-5,female,05-09,2021,0,Week 5,5,3,2
week-5,female,10-14,2020,0,Week 5,1,2,-1
week-5,female,10-14,2021,0,Week 5,4,2,2
week-5,female,15-19,2020,0,Week 5,6,6,0
week-5,female,15-19,2021,0,Week 5,4,6,-2
week-5,female,20-24,2020,0,Week 5,7,7,0
week-5,female,20-24,2021,2,Week 5,11,7,4
week-5,female,25-29,2020,0,Week 5,9,10,-1
week-5,female,25-29,2021,2,Week 5,12,10,2
week-5,female,30-34,2020,0,Week 5,18,16,2
week-5,female,30-34,2021,8,Week 5,21,16,5
week-5,female,35-39,2020,0,Week 5,31,27,4
week-5,female,35-39,2021,11,Week 5,46,27,19
week-5,female,40-44,2020,0,Week 5,42,36,6
week-5,female,40-44,2021,17,Week 5,51,36,15
week-5,female,45-49,2020,0,Week 5,56,69,-13
week-5,female,45-49,2021,35,Week 5,87,69,18
week-5,female,50-54,2020,0,Week 5,98,107,-9
week-5,female,50-54,2021,62,Week 5,153,107,46
week-5,female,55-59,2020,0,Week 5,135,153,-18
week-5,female,55-59,2021,60,Week 5,198,153,45
week-5,female,60-64,2020,0,Week 5,201,223,-22
week-5,female,60-64,2021,135,Week 5,339,223,116
week-5,female,65-69,2020,0,Week 5,295,316,-21
week-5,female,65-69,2021,158,Week 5,397,316,81
week-5,female,70-74,2020,0,Week 5,513,467,46
week-5,female,70-74,2021,268,Week 5,690,467,223
week-5,female,75-79,2020,0,Week 5,618,641,-23
week-5,female,75-79,2021,397,Week 5,954,641,313
week-5,female,80-84,2020,0,Week 5,892,963,-71
week-5,female,80-84,2021,550,Week 5,1279,963,316
week-5,female,85-89,2020,0,Week 5,1154,1278,-124
week-5,female,85-89,2021,769,Week 5,1698,1278,420
week-5,female,90+,2020,0,Week 5,1711,1922,-211
week-5,female,90+,2021,1070,Week 5,2584,1922,662
week-5,female,all-ages,2020,0,Week 5,0,0,0
week-5,female,all-ages,2021,0,Week 5,0,0,0
week-5,male,00-04,2020,0,Week 5,26,37,-11
week-5,male,00-04,2021,0,Week 5,31,37,-6
week-5,male,05-09,2020,0,Week 5,4,3,1
week-5,male,05-09,2021,0,Week 5,2,3,-1
week-5,male,10-14,2020,0,Week 5,3,4,-1
week-5,male,10-14,2021,0,Week 5,3,4,-1
week-5,male,15-19,2020,0,Week 5,17,9,8
week-5,male,15-19,2021,3,Week 5,11,9,2
week-5,male,20-24,2020,0,Week 5,16,17,-1
week-5,male,20-24,2021,1,Week 5,17,17,0
week-5,male,25-29,2020,0,Week 5,19,22,-3
week-5,male,25-29,2021,6,Week 5,32,22,10
week-5,male,30-34,2020,0,Week 5,40,32,8
week-5,male,30-34,2021,8,Week 5,43,32,11
week-5,male,35-39,2020,0,Week 5,45,43,2
week-5,male,35-39,2021,13,Week 5,42,43,-1
week-5,male,40-44,2020,0,Week 5,58,71,-13
week-5,male,40-44,2021,26,Week 5,86,71,15
week-5,male,45-49,2020,0,Week 5,107,109,-2
week-5,male,45-49,2021,57,Week 5,156,109,47
week-5,male,50-54,2020,0,Week 5,180,164,16
week-5,male,50-54,2021,88,Week 5,224,164,60
week-5,male,55-59,2020,0,Week 5,247,221,26
week-5,male,55-59,2021,153,Week 5,347,221,126
week-5,male,60-64,2020,0,Week 5,324,314,10
week-5,male,60-64,2021,217,Week 5,511,314,197
week-5,male,65-69,2020,0,Week 5,437,463,-26
week-5,male,65-69,2021,292,Week 5,657,463,194
week-5,male,70-74,2020,0,Week 5,683,624,59
week-5,male,70-74,2021,417,Week 5,946,624,322
week-5,male,75-79,2020,0,Week 5,827,788,39
week-5,male,75-79,2021,526,Week 5,1245,788,457
week-5,male,80-84,2020,0,Week 5,919,990,-71
week-5,male,80-84,2021,647,Week 5,1429,990,439
week-5,male,85-89,2020,0,Week 5,970,1007,-37
week-5,male,85-89,2021,685,Week 5,1507,1007,500
week-5,male,90+,2020,0,Week 5,872,907,-35
week-5,male,90+,2021,637,Week 5,1358,907,451
week-5,male,all-ages,2020,0,Week 5,0,0,0
week-5,male,all-ages,2021,0,Week 5,0,0,0
week-50,female,00-04,2020,0,Week 50,25,23,2
week-50,female,05-09,2020,0,Week 50,3,3,0
week-50,female,10-14,2020,0,Week 50,4,3,1
week-50,female,15-19,2020,1,Week 50,2,5,-3
week-50,female,20-24,2020,0,Week 50,6,6,0
week-50,female,25-29,2020,1,Week 50,18,9,9
week-50,female,30-34,2020,1,Week 50,23,15,8
week-50,female,35-39,2020,3,Week 50,30,25,5
week-50,female,40-44,2020,2,Week 50,41,41,0
week-50,female,45-49,2020,10,Week 50,68,69,-1
week-50,female,50-54,2020,13,Week 50,111,97,14
week-50,female,55-59,2020,20,Week 50,154,134,20
week-50,female,60-64,2020,39,Week 50,222,201,21
week-50,female,65-69,2020,46,Week 50,300,312,-12
week-50,female,70-74,2020,104,Week 50,489,451,38
week-50,female,75-79,2020,162,Week 50,711,608,103
week-50,female,80-84,2020,187,Week 50,916,868,48
week-50,female,85-89,2020,291,Week 50,1163,1131,32
week-50,female,90+,2020,344,Week 50,1687,1630,57
week-50,female,all-ages,2020,0,Week 50,0,0,0
week-50,male,00-04,2020,0,Week 50,23,27,-4
week-50,male,05-09,2020,0,Week 50,8,4,4
week-50,male,10-14,2020,1,Week 50,2,4,-2
week-50,male,15-19,2020,0,Week 50,6,10,-4
week-50,male,20-24,2020,0,Week 50,19,16,3
week-50,male,25-29,2020,2,Week 50,17,22,-5
week-50,male,30-34,2020,0,Week 50,35,28,7
week-50,male,35-39,2020,4,Week 50,39,40,-1
week-50,male,40-44,2020,9,Week 50,74,50,24
week-50,male,45-49,2020,9,Week 50,122,96,26
week-50,male,50-54,2020,24,Week 50,188,144,44
week-50,male,55-59,2020,45,Week 50,279,210,69
week-50,male,60-64,2020,87,Week 50,381,291,90
week-50,male,65-69,2020,108,Week 50,465,425,40
week-50,male,70-74,2020,154,Week 50,741,599,142
week-50,male,75-79,2020,238,Week 50,908,730,178
week-50,male,80-84,2020,305,Week 50,1073,929,144
week-50,male,85-89,2020,279,Week 50,1030,911,119
week-50,male,90+,2020,267,Week 50,909,802,107
week-50,male,all-ages,2020,0,Week 50,0,0,0
week-51,female,00-04,2020,0,Week 51,23,28,-5
week-51,female,05-09,2020,0,Week 51,1,3,-2
week-51,female,10-14,2020,0,Week 51,3,3,0
week-51,female,15-19,2020,0,Week 51,6,5,1
week-51,female,20-24,2020,1,Week 51,5,6,-1
week-51,female,25-29,2020,0,Week 51,10,9,1
week-51,female,30-34,2020,1,Week 51,20,16,4
week-51,female,35-39,2020,2,Week 51,25,25,0
week-51,female,40-44,2020,4,Week 51,49,32,17
week-51,female,45-49,2020,13,Week 51,71,63,8
week-51,female,50-54,2020,15,Week 51,128,100,28
week-51,female,55-59,2020,38,Week 51,166,151,15
week-51,female,60-64,2020,48,Week 51,233,207,26
week-51,female,65-69,2020,71,Week 51,328,321,7
week-51,female,70-74,2020,90,Week 51,494,474,20
week-51,female,75-79,2020,151,Week 51,719,607,112
week-51,female,80-84,2020,235,Week 51,1004,898,106
week-51,female,85-89,2020,289,Week 51,1254,1199,55
week-51,female,90+,2020,413,Week 51,1802,1697,105
week-51,female,all-ages,2020,0,Week 51,0,0,0
week-51,male,00-04,2020,0,Week 51,28,34,-6
week-51,male,05-09,2020,0,Week 51,3,4,-1
week-51,male,10-14,2020,0,Week 51,2,3,-1
week-51,male,15-19,2020,0,Week 51,5,7,-2
week-51,male,20-24,2020,0,Week 51,19,16,3
week-51,male,25-29,2020,0,Week 51,28,20,8
week-51,male,30-34,2020,0,Week 51,37,25,12
week-51,male,35-39,2020,4,Week 51,48,43,5
week-51,male,40-44,2020,6,Week 51,66,56,10
week-51,male,45-49,2020,12,Week 51,118,93,25
week-51,male,50-54,2020,28,Week 51,189,148,41
week-51,male,55-59,2020,37,Week 51,271,212,59
week-51,male,60-64,2020,71,Week 51,348,287,61
week-51,male,65-69,2020,106,Week 51,477,445,32
week-51,male,70-74,2020,162,Week 51,752,629,123
week-51,male,75-79,2020,237,Week 51,895,742,153
week-51,male,80-84,2020,309,Week 51,1120,947,173
week-51,male,85-89,2020,320,Week 51,1185,913,272
week-51,male,90+,2020,323,Week 51,1079,860,219
week-51,male,all-ages,2020,0,Week 51,0,0,0
week-52,female,00-04,2020,0,Week 52,17,23,-6
week-52,female,05-09,2020,0,Week 52,3,2,1
week-52,female,10-14,2020,0,Week 52,2,3,-1
week-52,female,15-19,2020,0,Week 52,3,5,-2
week-52,female,20-24,2020,0,Week 52,9,6,3
week-52,female,25-29,2020,1,Week 52,14,11,3
week-52,female,30-34,2020,1,Week 52,15,19,-4
week-52,female,35-39,2020,3,Week 52,26,25,1
week-52,female,40-44,2020,6,Week 52,41,37,4
week-52,female,45-49,2020,6,Week 52,62,66,-4
week-52,female,50-54,2020,20,Week 52,99,104,-5
week-52,female,55-59,2020,24,Week 52,136,146,-10
week-52,female,60-64,2020,47,Week 52,216,201,15
week-52,female,65-69,2020,59,Week 52,315,319,-4
week-52,female,70-74,2020,111,Week 52,478,464,14
week-52,female,75-79,2020,145,Week 52,610,656,-46
week-52,female,80-84,2020,247,Week 52,864,928,-64
week-52,female,85-89,2020,274,Week 52,1089,1192,-103
week-52,female,90+,2020,354,Week 52,1585,1726,-141
week-52,female,all-ages,2020,0,Week 52,0,0,0
week-52,male,00-04,2020,0,Week 52,23,33,-10
week-52,male,05-09,2020,0,Week 52,2,5,-3
week-52,male,10-14,2020,0,Week 52,4,2,2
week-52,male,15-19,2020,0,Week 52,7,9,-2
week-52,male,20-24,2020,0,Week 52,12,16,-4
week-52,male,25-29,2020,0,Week 52,21,20,1
week-52,male,30-34,2020,2,Week 52,31,29,2
week-52,male,35-39,2020,2,Week 52,44,38,6
week-52,male,40-44,2020,6,Week 52,58,62,-4
week-52,male,45-49,2020,15,Week 52,117,101,16
week-52,male,50-54,2020,21,Week 52,163,150,13
week-52,male,55-59,2020,39,Week 52,223,214,9
week-52,male,60-64,2020,60,Week 52,299,297,2
week-52,male,65-69,2020,101,Week 52,414,443,-29
week-52,male,70-74,2020,164,Week 52,676,624,52
week-52,male,75-79,2020,252,Week 52,826,762,64
week-52,male,80-84,2020,336,Week 52,1028,952,76
week-52,male,85-89,2020,331,Week 52,1065,997,68
week-52,male,90+,2020,285,Week 52,923,857,66
week-52,male,all-ages,2020,0,Week 52,0,0,0
week-53,female,00-04,2020,0,Week 53,16,0,16
week-53,female,05-09,2020,0,Week 53,0,0,0
week-53,female,10-14,2020,0,Week 53,5,0,5
week-53,female,15-19,2020,0,Week 53,2,0,2
week-53,female,20-24,2020,0,Week 53,3,0,3
week-53,female,25-29,2020,2,Week 53,8,0,8
week-53,female,30-34,2020,1,Week 53,9,0,9
week-53,female,35-39,2020,3,Week 53,16,0,16
week-53,female,40-44,2020,7,Week 53,34,0,34
week-53,female,45-49,2020,8,Week 53,54,0,54
week-53,female,50-54,2020,21,Week 53,89,0,89
week-53,female,55-59,2020,35,Week 53,137,0,137
week-53,female,60-64,2020,35,Week 53,165,0,165
week-53,female,65-69,2020,75,Week 53,234,0,234
week-53,female,70-74,2020,118,Week 53,430,0,430
week-53,female,75-79,2020,155,Week 53,549,0,549
week-53,female,80-84,2020,256,Week 53,774,0,774
week-53,female,85-89,2020,340,Week 53,1027,0,1027
week-53,female,90+,2020,398,Week 53,1392,0,1392
week-53,female,all-ages,2020,0,Week 53,0,0,0
week-53,male,00-04,2020,0,Week 53,20,0,20
week-53,male,05-09,2020,0,Week 53,1,0,1
week-53,male,10-14,2020,0,Week 53,4,0,4
week-53,male,15-19,2020,0,Week 53,6,0,6
week-53,male,20-24,2020,0,Week 53,7,0,7
week-53,male,25-29,2020,4,Week 53,16,0,16
week-53,male,30-34,2020,3,Week 53,18,0,18
week-53,male,35-39,2020,2,Week 53,27,0,27
week-53,male,40-44,2020,5,Week 53,34,0,34
week-53,male,45-49,2020,12,Week 53,69,0,69
week-53,male,50-54,2020,28,Week 53,114,0,114
week-53,male,55-59,2020,46,Week 53,174,0,174
week-53,male,60-64,2020,80,Week 53,284,0,284
week-53,male,65-69,2020,109,Week 53,385,0,385
week-53,male,70-74,2020,183,Week 53,560,0,560
week-53,male,75-79,2020,252,Week 53,713,0,713
week-53,male,80-84,2020,305,Week 53,877,0,877
week-53,male,85-89,2020,365,Week 53,953,0,953
week-53,male,90+,2020,296,Week 53,863,0,863
week-53,male,all-ages,2020,0,Week 53,0,0,0
week-6,female,00-04,2020,0,Week 6,19,32,-13
week-6,female,00-04,2021,0,Week 6,32,32,0
week-6,female,05-09,2020,0,Week 6,2,2,0
week-6,female,05-09,2021,0,Week 6,2,2,0
week-6,female,10-14,2020,0,Week 6,0,3,-3
week-6,female,10-14,2021,0,Week 6,2,3,-1
week-6,female,15-19,2020,0,Week 6,2,5,-3
week-6,female,15-19,2021,0,Week 6,6,5,1
week-6,female,20-24,2020,0,Week 6,11,6,5
week-6,female,20-24,2021,0,Week 6,7,6,1
week-6,female,25-29,2020,0,Week 6,12,14,-2
week-6,female,25-29,2021,2,Week 6,14,14,0
week-6,female,30-34,2020,0,Week 6,14,16,-2
week-6,female,30-34,2021,6,Week 6,23,16,7
week-6,female,35-39,2020,0,Week 6,18,27,-9
week-6,female,35-39,2021,8,Week 6,42,27,15
week-6,female,40-44,2020,0,Week 6,40,39,1
week-6,female,40-44,2021,14,Week 6,55,39,16
week-6,female,45-49,2020,0,Week 6,62,66,-4
week-6,female,45-49,2021,25,Week 6,105,66,39
week-6,female,50-54,2020,0,Week 6,114,107,7
week-6,female,50-54,2021,37,Week 6,126,107,19
week-6,female,55-59,2020,0,Week 6,163,139,24
week-6,female,55-59,2021,61,Week 6,221,139,82
week-6,female,60-64,2020,0,Week 6,206,194,12
week-6,female,60-64,2021,100,Week 6,275,194,81
week-6,female,65-69,2020,0,Week 6,266,326,-60
week-6,female,65-69,2021,158,Week 6,380,326,54
week-6,female,70-74,2020,0,Week 6,494,456,38
week-6,female,70-74,2021,200,Week 6,594,456,138
week-6,female,75-79,2020,0,Week 6,645,633,12
week-6,female,75-79,2021,297,Week 6,853,633,220
week-6,female,80-84,2020,0,Week 6,823,927,-104
week-6,female,80-84,2021,408,Week 6,1127,927,200
week-6,female,85-89,2020,0,Week 6,1097,1197,-100
week-6,female,85-89,2021,538,Week 6,1477,1197,280
week-6,female,90+,2020,0,Week 6,1590,1798,-208
week-6,female,90+,2021,795,Week 6,2167,1798,369
week-6,female,all-ages,2020,0,Week 6,0,0,0
week-6,female,all-ages,2021,0,Week 6,0,0,0
week-6,male,00-04,2020,0,Week 6,19,33,-14
week-6,male,00-04,2021,0,Week 6,33,33,0
week-6,male,05-09,2020,0,Week 6,2,3,-1
week-6,male,05-09,2021,0,Week 6,2,3,-1
week-6,male,10-14,2020,0,Week 6,4,3,1
week-6,male,10-14,2021,0,Week 6,1,3,-2
week-6,male,15-19,2020,0,Week 6,8,8,0
week-6,male,15-19,2021,1,Week 6,6,8,-2
week-6,male,20-24,2020,0,Week 6,23,16,7
week-6,male,20-24,2021,2,Week 6,26,16,10
week-6,male,25-29,2020,0,Week 6,11,20,-9
week-6,male,25-29,2021,4,Week 6,29,20,9
week-6,male,30-34,2020,0,Week 6,24,31,-7
week-6,male,30-34,2021,4,Week 6,39,31,8
week-6,male,35-39,2020,0,Week 6,53,48,5
week-6,male,35-39,2021,16,Week 6,77,48,29
week-6,male,40-44,2020,0,Week 6,55,60,-5
week-6,male,40-44,2021,15,Week 6,88,60,28
week-6,male,45-49,2020,0,Week 6,95,114,-19
week-6,male,45-49,2021,39,Week 6,135,114,21
week-6,male,50-54,2020,0,Week 6,175,152,23
week-6,male,50-54,2021,92,Week 6,250,152,98
week-6,male,55-59,2020,0,Week 6,208,215,-7
week-6,male,55-59,2021,121,Week 6,367,215,152
week-6,male,60-64,2020,0,Week 6,306,303,3
week-6,male,60-64,2021,201,Week 6,447,303,144
week-6,male,65-69,2020,0,Week 6,423,458,-35
week-6,male,65-69,2021,223,Week 6,549,458,91
week-6,male,70-74,2020,0,Week 6,626,634,-8
week-6,male,70-74,2021,351,Week 6,951,634,317
week-6,male,75-79,2020,0,Week 6,713,776,-63
week-6,male,75-79,2021,455,Week 6,1129,776,353
week-6,male,80-84,2020,0,Week 6,875,951,-76
week-6,male,80-84,2021,490,Week 6,1277,951,326
week-6,male,85-89,2020,0,Week 6,943,988,-45
week-6,male,85-89,2021,540,Week 6,1254,988,266
week-6,male,90+,2020,0,Week 6,843,867,-24
week-6,male,90+,2021,488,Week 6,1186,867,319
week-6,male,all-ages,2020,0,Week 6,0,0,0
week-6,male,all-ages,2021,0,Week 6,0,0,0
week-7,female,00-04,2020,0,Week 7,16,25,-9
week-7,female,00-04,2021,0,Week 7,17,25,-8
week-7,female,05-09,2020,0,Week 7,1,2,-1
week-7,female,05-09,2021,0,Week 7,4,2,2
week-7,female,10-14,2020,0,Week 7,1,2,-1
week-7,female,10-14,2021,0,Week 7,4,2,2
week-7,female,15-19,2020,0,Week 7,7,5,2
week-7,female,15-19,2021,0,Week 7,2,5,-3
week-7,female,20-24,2020,0,Week 7,7,8,-1
week-7,female,20-24,2021,2,Week 7,12,8,4
week-7,female,25-29,2020,0,Week 7,8,14,-6
week-7,female,25-29,2021,3,Week 7,10,14,-4
week-7,female,30-34,2020,0,Week 7,13,16,-3
week-7,female,30-34,2021,3,Week 7,23,16,7
week-7,female,35-39,2020,0,Week 7,33,24,9
week-7,female,35-39,2021,4,Week 7,30,24,6
week-7,female,40-44,2020,0,Week 7,34,39,-5
week-7,female,40-44,2021,12,Week 7,47,39,8
week-7,female,45-49,2020,0,Week 7,66,71,-5
week-7,female,45-49,2021,22,Week 7,95,71,24
week-7,female,50-54,2020,0,Week 7,116,106,10
week-7,female,50-54,2021,38,Week 7,136,106,30
week-7,female,55-59,2020,0,Week 7,136,143,-7
week-7,female,55-59,2021,66,Week 7,227,143,84
week-7,female,60-64,2020,0,Week 7,203,218,-15
week-7,female,60-64,2021,77,Week 7,267,218,49
week-7,female,65-69,2020,0,Week 7,241,311,-70
week-7,female,65-69,2021,117,Week 7,369,311,58
week-7,female,70-74,2020,0,Week 7,453,453,0
week-7,female,70-74,2021,166,Week 7,597,453,144
week-7,female,75-79,2020,0,Week 7,579,625,-46
week-7,female,75-79,2021,215,Week 7,751,625,126
week-7,female,80-84,2020,0,Week 7,834,924,-90
week-7,female,80-84,2021,308,Week 7,1063,924,139
week-7,female,85-89,2020,0,Week 7,1044,1238,-194
week-7,female,85-89,2021,347,Week 7,1234,1238,-4
week-7,female,90+,2020,0,Week 7,1665,1742,-77
week-7,female,90+,2021,528,Week 7,1894,1742,152
week-7,female,all-ages,2020,0,Week 7,0,0,0
week-7,female,all-ages,2021,0,Week 7,0,0,0
week-7,male,00-04,2020,0,Week 7,33,33,0
week-7,male,00-04,2021,0,Week 7,28,33,-5
week-7,male,05-09,2020,0,Week 7,1,3,-2
week-7,male,05-09,2021,0,Week 7,0,3,-3
week-7,male,10-14,2020,0,Week 7,3,4,-1
week-7,male,10-14,2021,0,Week 7,3,4,-1
week-7,male,15-19,2020,0,Week 7,9,10,-1
week-7,male,15-19,2021,0,Week 7,13,10,3
week-7,male,20-24,2020,0,Week 7,19,19,0
week-7,male,20-24,2021,3,Week 7,23,19,4
week-7,male,25-29,2020,0,Week 7,19,23,-4
week-7,male,25-29,2021,0,Week 7,20,23,-3
week-7,male,30-34,2020,0,Week 7,27,26,1
week-7,male,30-34,2021,6,Week 7,35,26,9
week-7,male,35-39,2020,0,Week 7,52,41,11
week-7,male,35-39,2021,11,Week 7,55,41,14
week-7,male,40-44,2020,0,Week 7,58,59,-1
week-7,male,40-44,2021,10,Week 7,77,59,18
week-7,male,45-49,2020,0,Week 7,99,102,-3
week-7,male,45-49,2021,28,Week 7,118,102,16
week-7,male,50-54,2020,0,Week 7,172,154,18
week-7,male,50-54,2021,49,Week 7,218,154,64
week-7,male,55-59,2020,0,Week 7,209,214,-5
week-7,male,55-59,2021,98,Week 7,311,214,97
week-7,male,60-64,2020,0,Week 7,287,309,-22
week-7,male,60-64,2021,157,Week 7,461,309,152
week-7,male,65-69,2020,0,Week 7,400,448,-48
week-7,male,65-69,2021,184,Week 7,564,448,116
week-7,male,70-74,2020,0,Week 7,660,623,37
week-7,male,70-74,2021,248,Week 7,782,623,159
week-7,male,75-79,2020,0,Week 7,726,772,-46
week-7,male,75-79,2021,304,Week 7,967,772,195
week-7,male,80-84,2020,0,Week 7,870,975,-105
week-7,male,80-84,2021,356,Week 7,1170,975,195
week-7,male,85-89,2020,0,Week 7,995,976,19
week-7,male,85-89,2021,391,Week 7,1156,976,180
week-7,male,90+,2020,0,Week 7,852,902,-50
week-7,male,90+,2021,326,Week 7,1026,902,124
week-7,male,all-ages,2020,0,Week 7,0,0,0
week-7,male,all-ages,2021,0,Week 7,0,0,0
week-8,female,00-04,2020,0,Week 8,19,24,-5
week-8,female,00-04,2021,0,Week 8,28,24,4
week-8,female,05-09,2020,0,Week 8,2,2,0
week-8,female,05-09,2021,0,Week 8,3,2,1
week-8,female,10-14,2020,0,Week 8,5,2,3
week-8,female,10-14,2021,1,Week 8,4,2,2
week-8,female,15-19,2020,0,Week 8,6,6,0
week-8,female,15-19,2021,0,Week 8,5,6,-1
week-8,female,20-24,2020,0,Week 8,4,8,-4
week-8,female,20-24,2021,0,Week 8,3,8,-5
week-8,female,25-29,2020,0,Week 8,12,13,-1
week-8,female,25-29,2021,3,Week 8,11,13,-2
week-8,female,30-34,2020,0,Week 8,21,19,2
week-8,female,30-34,2021,0,Week 8,12,19,-7
week-8,female,35-39,2020,0,Week 8,31,24,7
week-8,female,35-39,2021,8,Week 8,38,24,14
week-8,female,40-44,2020,0,Week 8,45,37,8
week-8,female,40-44,2021,8,Week 8,44,37,7
week-8,female,45-49,2020,0,Week 8,77,72,5
week-8,female,45-49,2021,19,Week 8,91,72,19
week-8,female,50-54,2020,0,Week 8,92,105,-13
week-8,female,50-54,2021,31,Week 8,115,105,10
week-8,female,55-59,2020,0,Week 8,151,144,7
week-8,female,55-59,2021,49,Week 8,196,144,52
week-8,female,60-64,2020,0,Week 8,226,197,29
week-8,female,60-64,2021,61,Week 8,232,197,35
week-8,female,65-69,2020,0,Week 8,295,315,-20
week-8,female,65-69,2021,81,Week 8,371,315,56
week-8,female,70-74,2020,0,Week 8,450,463,-13
week-8,female,70-74,2021,125,Week 8,542,463,79
week-8,female,75-79,2020,0,Week 8,560,604,-44
week-8,female,75-79,2021,159,Week 8,663,604,59
week-8,female,80-84,2020,0,Week 8,802,922,-120
week-8,female,80-84,2021,187,Week 8,910,922,-12
week-8,female,85-89,2020,0,Week 8,1021,1171,-150
week-8,female,85-89,2021,273,Week 8,1232,1171,61
week-8,female,90+,2020,0,Week 8,1582,1749,-167
week-8,female,90+,2021,368,Week 8,1694,1749,-55
week-8,female,all-ages,2020,0,Week 8,0,0,0
week-8,female,all-ages,2021,0,Week 8,0,0,0
week-8,male,00-04,2020,0,Week 8,37,33,4
week-8,male,00-04,2021,0,Week 8,40,33,7
week-8,male,05-09,2020,0,Week 8,4,2,2
week-8,male,05-09,2021,0,Week 8,2,2,0
week-8,male,10-14,2020,0,Week 8,2,4,-2
week-8,male,10-14,2021,0,Week 8,2,4,-2
week-8,male,15-19,2020,0,Week 8,14,9,5
week-8,male,15-19,2021,0,Week 8,15,9,6
week-8,male,20-24,2020,0,Week 8,14,24,-10
week-8,male,20-24,2021,1,Week 8,15,24,-9
week-8,male,25-29,2020,0,Week 8,17,23,-6
week-8,male,25-29,2021,4,Week 8,17,23,-6
week-8,male,30-34,2020,0,Week 8,39,28,11
week-8,male,30-34,2021,3,Week 8,43,28,15
week-8,male,35-39,2020,0,Week 8,46,40,6
week-8,male,35-39,2021,6,Week 8,36,40,-4
week-8,male,40-44,2020,0,Week 8,72,55,17
week-8,male,40-44,2021,8,Week 8,72,55,17
week-8,male,45-49,2020,0,Week 8,105,100,5
week-8,male,45-49,2021,17,Week 8,115,100,15
week-8,male,50-54,2020,0,Week 8,140,164,-24
week-8,male,50-54,2021,43,Week 8,197,164,33
week-8,male,55-59,2020,0,Week 8,195,208,-13
week-8,male,55-59,2021,65,Week 8,275,208,67
week-8,male,60-64,2020,0,Week 8,285,314,-29
week-8,male,60-64,2021,130,Week 8,412,314,98
week-8,male,65-69,2020,0,Week 8,400,430,-30
week-8,male,65-69,2021,136,Week 8,501,430,71
week-8,male,70-74,2020,0,Week 8,598,605,-7
week-8,male,70-74,2021,183,Week 8,739,605,134
week-8,male,75-79,2020,0,Week 8,778,763,15
week-8,male,75-79,2021,210,Week 8,876,763,113
week-8,male,80-84,2020,0,Week 8,894,926,-32
week-8,male,80-84,2021,243,Week 8,1061,926,135
week-8,male,85-89,2020,0,Week 8,906,959,-53
week-8,male,85-89,2021,256,Week 8,1054,959,95
week-8,male,90+,2020,0,Week 8,893,846,47
week-8,male,90+,2021,236,Week 8,948,846,102
week-8,male,all-ages,2020,0,Week 8,0,0,0
week-8,male,all-ages,2021,0,Week 8,0,0,0
week-9,female,00-04,2020,0,Week 9,20,27,-7
week-9,female,00-04,2021,0,Week 9,26,27,-1
week-9,female,05-09,2020,0,Week 9,2,2,0
week-9,female,05-09,2021,0,Week 9,0,2,-2
week-9,female,10-14,2020,0,Week 9,2,2,0
week-9,female,10-14,2021,0,Week 9,3,2,1
week-9,female,15-19,2020,0,Week 9,8,5,3
week-9,female,15-19,2021,0,Week 9,5,5,0
week-9,female,20-24,2020,0,Week 9,6,10,-4
week-9,female,20-24,2021,0,Week 9,6,10,-4
week-9,female,25-29,2020,0,Week 9,7,11,-4
week-9,female,25-29,2021,2,Week 9,11,11,0
week-9,female,30-34,2020,0,Week 9,18,20,-2
week-9,female,30-34,2021,3,Week 9,24,20,4
week-9,female,35-39,2020,0,Week 9,34,24,10
week-9,female,35-39,2021,9,Week 9,29,24,5
week-9,female,40-44,2020,0,Week 9,39,37,2
week-9,female,40-44,2021,6,Week 9,36,37,-1
week-9,female,45-49,2020,0,Week 9,60,72,-12
week-9,female,45-49,2021,11,Week 9,68,72,-4
week-9,female,50-54,2020,0,Week 9,114,100,14
week-9,female,50-54,2021,22,Week 9,109,100,9
week-9,female,55-59,2020,0,Week 9,158,143,15
week-9,female,55-59,2021,34,Week 9,177,143,34
week-9,female,60-64,2020,0,Week 9,208,205,3
week-9,female,60-64,2021,53,Week 9,244,205,39
week-9,female,65-69,2020,0,Week 9,265,318,-53
week-9,female,65-69,2021,71,Week 9,333,318,15
week-9,female,70-74,2020,0,Week 9,464,450,14
week-9,female,70-74,2021,71,Week 9,486,450,36
week-9,female,75-79,2020,0,Week 9,546,614,-68
week-9,female,75-79,2021,100,Week 9,612,614,-2
week-9,female,80-84,2020,0,Week 9,842,914,-72
week-9,female,80-84,2021,134,Week 9,874,914,-40
week-9,female,85-89,2020,0,Week 9,1059,1165,-106
week-9,female,85-89,2021,180,Week 9,1052,1165,-113
week-9,female,90+,2020,0,Week 9,1528,1710,-182
week-9,female,90+,2021,256,Week 9,1558,1710,-152
week-9,female,all-ages,2020,0,Week 9,0,0,0
week-9,female,all-ages,2021,0,Week 9,0,0,0
week-9,male,00-04,2020,0,Week 9,36,31,5
week-9,male,00-04,2021,0,Week 9,33,31,2
week-9,male,05-09,2020,0,Week 9,4,3,1
week-9,male,05-09,2021,0,Week 9,0,3,-3
week-9,male,10-14,2020,0,Week 9,5,3,2
week-9,male,10-14,2021,0,Week 9,1,3,-2
week-9,male,15-19,2020,0,Week 9,16,11,5
week-9,male,15-19,2021,1,Week 9,10,11,-1
week-9,male,20-24,2020,0,Week 9,19,20,-1
week-9,male,20-24,2021,0,Week 9,22,20,2
week-9,male,25-29,2020,0,Week 9,21,22,-1
week-9,male,25-29,2021,3,Week 9,29,22,7
week-9,male,30-34,2020,0,Week 9,32,32,0
week-9,male,30-34,2021,3,Week 9,52,32,20
week-9,male,35-39,2020,0,Week 9,51,41,10
week-9,male,35-39,2021,5,Week 9,56,41,15
week-9,male,40-44,2020,0,Week 9,64,69,-5
week-9,male,40-44,2021,15,Week 9,76,69,7
week-9,male,45-49,2020,0,Week 9,95,106,-11
week-9,male,45-49,2021,18,Week 9,116,106,10
week-9,male,50-54,2020,0,Week 9,147,160,-13
week-9,male,50-54,2021,27,Week 9,197,160,37
week-9,male,55-59,2020,0,Week 9,189,209,-20
week-9,male,55-59,2021,52,Week 9,248,209,39
week-9,male,60-64,2020,0,Week 9,286,302,-16
week-9,male,60-64,2021,100,Week 9,382,302,80
week-9,male,65-69,2020,0,Week 9,417,441,-24
week-9,male,65-69,2021,123,Week 9,477,441,36
week-9,male,70-74,2020,0,Week 9,647,610,37
week-9,male,70-74,2021,137,Week 9,697,610,87
week-9,male,75-79,2020,0,Week 9,709,752,-43
week-9,male,75-79,2021,158,Week 9,826,752,74
week-9,male,80-84,2020,0,Week 9,871,938,-67
week-9,male,80-84,2021,184,Week 9,930,938,-8
week-9,male,85-89,2020,0,Week 9,956,942,14
week-9,male,85-89,2021,172,Week 9,946,942,4
week-9,male,90+,2020,0,Week 9,870,804,66
week-9,male,90+,2021,155,Week 9,841,804,37
week-9,male,all-ages,2020,0,Week 9,0,0,0
week-9,male,all-ages,2021,0,Week 9,0,0,0
